chrom	Pos_B	Pos_A	dist	interaction
chr1	108	76	32	1
chr1	148	129	19	1
chr1	148	134	14	1
chr1	212	179	33	1
chr1	312	122	190	1
chr1	321	278	43	1
chr1	447	429	18	1
chr1	759	715	44	1
chr1	761	715	46	1
chr1	902	285	617	1
chr1	970	960	10	1
chr1	1002	250	752	1
chr1	1136	877	259	1
chr1	1239	1187	52	1
chr1	1240	1175	65	1
chr1	1240	1195	45	1
chr1	1244	1187	57	1
chr1	1273	1244	29	1
chr1	1286	1173	113	1
chr1	1286	1180	106	1
chr1	1492	1483	9	1
chr1	1523	1512	11	1
chr1	1526	1510	16	1
chr1	1553	896	657	1
chr1	1564	1534	30	1
chr1	1567	1530	37	1
chr1	1567	1531	36	1
chr1	1567	1534	33	1
chr1	1567	1535	32	1
chr1	1567	1538	29	1
chr1	1576	1533	43	1
chr1	1576	1550	26	1
chr1	1614	1594	20	1
chr1	1615	1594	21	1
chr1	1798	1506	292	1
chr1	1811	1510	301	1
chr1	1827	620	1207	1
chr1	1842	1824	18	1
chr1	1846	1824	22	1
chr1	1857	1580	277	1
chr1	1872	1131	741	1
chr1	1891	1175	716	1
chr1	1891	1178	713	1
chr1	1892	1175	717	1
chr1	1905	208	1697	1
chr1	1926	1897	29	1
chr1	1936	1893	43	1
chr1	1936	1895	41	1
chr1	1939	1893	46	1
chr1	1939	1894	45	1
chr1	1939	1895	44	1
chr1	1940	1895	45	1
chr1	1940	1897	43	1
chr1	1941	1899	42	1
chr1	1941	1903	38	1
chr1	1992	1969	23	1
chr1	2031	1477	554	1
chr1	2060	1503	557	1
chr1	2128	1587	541	1
chr1	2130	2127	3	1
chr1	2131	729	1402	1
chr1	2131	1476	655	1
chr1	2132	616	1516	1
chr1	2132	1500	632	1
chr1	2132	1501	631	1
chr1	2132	1580	552	1
chr1	2132	1585	547	1
chr1	2132	1589	543	1
chr1	2132	2127	5	1
chr1	2132	2128	4	1
chr1	2133	616	1517	1
chr1	2133	1494	639	1
chr1	2133	1501	632	1
chr1	2133	2127	6	1
chr1	2133	2128	5	1
chr1	2133	2132	1	1
chr1	2134	2127	7	1
chr1	2134	2128	6	1
chr1	2134	2132	2	1
chr1	2184	2129	55	1
chr1	2184	2134	50	1
chr1	2185	2125	60	1
chr1	2185	2126	59	1
chr1	2185	2127	58	1
chr1	2185	2128	57	1
chr1	2185	2129	56	1
chr1	2185	2130	55	1
chr1	2185	2131	54	1
chr1	2185	2132	53	1
chr1	2185	2133	52	1
chr1	2185	2134	51	1
chr1	2187	2125	62	1
chr1	2187	2126	61	1
chr1	2187	2127	60	1
chr1	2187	2128	59	1
chr1	2187	2129	58	1
chr1	2187	2130	57	1
chr1	2187	2131	56	1
chr1	2187	2132	55	1
chr1	2187	2133	54	1
chr1	2187	2134	53	1
chr1	2188	616	1572	1
chr1	2188	1476	712	1
chr1	2188	1501	687	1
chr1	2188	1506	682	1
chr1	2188	1508	680	1
chr1	2188	1580	608	1
chr1	2188	1587	601	1
chr1	2188	1854	334	1
chr1	2188	2123	65	1
chr1	2188	2124	64	1
chr1	2188	2125	63	1
chr1	2188	2126	62	1
chr1	2188	2127	61	1
chr1	2188	2128	60	1
chr1	2188	2129	59	1
chr1	2188	2130	58	1
chr1	2188	2131	57	1
chr1	2188	2132	56	1
chr1	2188	2133	55	1
chr1	2188	2134	54	1
chr1	2189	2125	64	1
chr1	2189	2126	63	1
chr1	2189	2127	62	1
chr1	2189	2128	61	1
chr1	2189	2129	60	1
chr1	2189	2130	59	1
chr1	2189	2131	58	1
chr1	2189	2132	57	1
chr1	2189	2133	56	1
chr1	2189	2134	55	1
chr1	2194	2128	66	1
chr1	2194	2133	61	1
chr1	2199	847	1352	1
chr1	2199	2128	71	1
chr1	2200	553	1647	1
chr1	2216	842	1374	1
chr1	2253	89	2164	1
chr1	2253	121	2132	1
chr1	2253	122	2131	1
chr1	2253	123	2130	1
chr1	2253	180	2073	1
chr1	2253	208	2045	1
chr1	2253	616	1637	1
chr1	2254	76	2178	1
chr1	2254	77	2177	1
chr1	2254	78	2176	1
chr1	2254	83	2171	1
chr1	2254	87	2167	1
chr1	2254	88	2166	1
chr1	2254	89	2165	1
chr1	2254	90	2164	1
chr1	2254	91	2163	1
chr1	2254	92	2162	1
chr1	2254	93	2161	1
chr1	2254	95	2159	1
chr1	2254	97	2157	1
chr1	2254	101	2153	1
chr1	2254	103	2151	1
chr1	2254	104	2150	1
chr1	2254	105	2149	1
chr1	2254	110	2144	1
chr1	2254	111	2143	1
chr1	2254	121	2133	1
chr1	2254	122	2132	1
chr1	2254	123	2131	1
chr1	2254	148	2106	1
chr1	2254	158	2096	1
chr1	2254	185	2069	1
chr1	2254	208	2046	1
chr1	2254	221	2033	1
chr1	2254	274	1980	1
chr1	2254	287	1967	1
chr1	2254	288	1966	1
chr1	2254	616	1638	1
chr1	2254	993	1261	1
chr1	2255	89	2166	1
chr1	2255	122	2133	1
chr1	2255	305	1950	1
chr1	2255	616	1639	1
chr1	2310	2299	11	1
chr1	2313	2299	14	1
chr1	2313	2300	13	1
chr1	2321	2299	22	1
chr1	2325	1488	837	1
chr1	2468	2398	70	1
chr1	2703	2072	631	1
chr1	2952	718	2234	1
chr1	3043	1615	1428	1
chr1	3057	2128	929	1
chr1	3057	2134	923	1
chr1	3058	1452	1606	1
chr1	3066	1901	1165	1
chr1	3068	1901	1167	1
chr1	3070	1901	1169	1
chr1	3073	893	2180	1
chr1	3073	898	2175	1
chr1	3075	3064	11	1
chr1	3075	3066	9	1
chr1	3076	3064	12	1
chr1	3077	1901	1176	1
chr1	3077	3064	13	1
chr1	3077	3066	11	1
chr1	3077	3067	10	1
chr1	3077	3068	9	1
chr1	3077	3070	7	1
chr1	3078	3063	15	1
chr1	3078	3064	14	1
chr1	3078	3065	13	1
chr1	3078	3066	12	1
chr1	3079	3062	17	1
chr1	3079	3066	13	1
chr1	3079	3068	11	1
chr1	3086	1901	1185	1
chr1	3207	3191	16	1
chr1	3207	3192	15	1
chr1	3220	3093	127	1
chr1	3222	3197	25	1
chr1	3247	2046	1201	1
chr1	3247	2127	1120	1
chr1	3247	2128	1119	1
chr1	3247	2188	1059	1
chr1	3249	1102	2147	1
chr1	3249	1614	1635	1
chr1	3249	2128	1121	1
chr1	3249	2188	1061	1
chr1	3252	2355	897	1
chr1	3255	2188	1067	1
chr1	3255	2699	556	1
chr1	3327	2372	955	1
chr1	3328	2372	956	1
chr1	3332	1807	1525	1
chr1	3334	2355	979	1
chr1	3334	2370	964	1
chr1	3355	1552	1803	1
chr1	3383	2345	1038	1
chr1	3383	2349	1034	1
chr1	3389	3034	355	1
chr1	3389	3035	354	1
chr1	3390	2393	997	1
chr1	3404	1483	1921	1
chr1	3408	1483	1925	1
chr1	3408	1495	1913	1
chr1	3408	1511	1897	1
chr1	3409	616	2793	1
chr1	3409	1511	1898	1
chr1	3409	1523	1886	1
chr1	3409	1580	1829	1
chr1	3409	3249	160	1
chr1	3410	1510	1900	1
chr1	3411	1510	1901	1
chr1	3411	1511	1900	1
chr1	3411	1512	1899	1
chr1	3411	1523	1888	1
chr1	3413	251	3162	1
chr1	3413	1495	1918	1
chr1	3413	1580	1833	1
chr1	3413	1591	1822	1
chr1	3413	2188	1225	1
chr1	3416	247	3169	1
chr1	3417	2340	1077	1
chr1	3418	1511	1907	1
chr1	3418	1580	1838	1
chr1	3425	1512	1913	1
chr1	3439	1508	1931	1
chr1	3440	3436	4	1
chr1	3531	3519	12	1
chr1	3573	2937	636	1
chr1	3579	2879	700	1
chr1	3579	2880	699	1
chr1	3682	2986	696	1
chr1	3691	2812	879	1
chr1	3691	2851	840	1
chr1	3714	1658	2056	1
chr1	3727	2933	794	1
chr1	3731	2814	917	1
chr1	3743	1184	2559	1
chr1	3744	2926	818	1
chr1	3746	3077	669	1
chr1	3788	2937	851	1
chr1	3789	2937	852	1
chr1	3791	2937	854	1
chr1	3838	1592	2246	1
chr1	3849	1464	2385	1
chr1	3849	1465	2384	1
chr1	3849	1466	2383	1
chr1	4004	3990	14	1
chr1	4031	3480	551	1
chr1	4048	4033	15	1
chr1	4068	3625	443	1
chr1	4110	1484	2626	1
chr1	4178	1505	2673	1
chr1	4186	2341	1845	1
chr1	4186	2347	1839	1
chr1	4190	3032	1158	1
chr1	4191	1557	2634	1
chr1	4191	2255	1936	1
chr1	4191	2333	1858	1
chr1	4191	2345	1846	1
chr1	4191	2347	1844	1
chr1	4191	2349	1842	1
chr1	4191	3248	943	1
chr1	4192	2347	1845	1
chr1	4192	2350	1842	1
chr1	4193	2347	1846	1
chr1	4194	2350	1844	1
chr1	4200	3389	811	1
chr1	4203	1497	2706	1
chr1	4226	3067	1159	1
chr1	4233	3027	1206	1
chr1	4245	2344	1901	1
chr1	4297	3032	1265	1
chr1	4297	4247	50	1
chr1	4297	4249	48	1
chr1	4297	4250	47	1
chr1	4314	2345	1969	1
chr1	4316	2345	1971	1
chr1	4317	2345	1972	1
chr1	4337	2132	2205	1
chr1	4337	2188	2149	1
chr1	4337	2253	2084	1
chr1	4337	2295	2042	1
chr1	4337	2296	2041	1
chr1	4338	4337	1	1
chr1	4384	4364	20	1
chr1	4430	4414	16	1
chr1	4513	1587	2926	1
chr1	4515	342	4173	1
chr1	4515	2315	2200	1
chr1	4528	329	4199	1
chr1	4545	1155	3390	1
chr1	4545	1232	3313	1
chr1	4545	2344	2201	1
chr1	4545	3199	1346	1
chr1	4547	2329	2218	1
chr1	4547	2330	2217	1
chr1	4548	2295	2253	1
chr1	4555	1155	3400	1
chr1	4555	1218	3337	1
chr1	4555	1219	3336	1
chr1	4555	1619	2936	1
chr1	4556	1221	3335	1
chr1	4556	1231	3325	1
chr1	4556	2344	2212	1
chr1	4557	1155	3402	1
chr1	4557	1222	3335	1
chr1	4557	1230	3327	1
chr1	4557	1232	3325	1
chr1	4557	2127	2430	1
chr1	4557	2977	1580	1
chr1	4558	2321	2237	1
chr1	4558	2339	2219	1
chr1	4559	1232	3327	1
chr1	4562	2331	2231	1
chr1	4562	2334	2228	1
chr1	4563	1231	3332	1
chr1	4589	517	4072	1
chr1	4591	4581	10	1
chr1	4596	2329	2267	1
chr1	4597	3025	1572	1
chr1	4601	616	3985	1
chr1	4606	3025	1581	1
chr1	4609	1482	3127	1
chr1	4609	3025	1584	1
chr1	4610	3025	1585	1
chr1	4617	1501	3116	1
chr1	4788	570	4218	1
chr1	4815	1501	3314	1
chr1	4815	3189	1626	1
chr1	4818	3392	1426	1
chr1	4818	3393	1425	1
chr1	4818	3395	1423	1
chr1	4823	2126	2697	1
chr1	4833	4156	677	1
chr1	4909	4875	34	1
chr10	142	130	12	1
chr10	183	76	107	1
chr10	183	77	106	1
chr10	184	76	108	1
chr10	184	77	107	1
chr10	184	78	106	1
chr10	184	87	97	1
chr10	185	76	109	1
chr10	185	77	108	1
chr10	185	87	98	1
chr10	185	88	97	1
chr10	186	76	110	1
chr10	186	77	109	1
chr10	187	76	111	1
chr10	187	77	110	1
chr10	188	76	112	1
chr10	188	77	111	1
chr10	188	79	109	1
chr10	189	76	113	1
chr10	189	77	112	1
chr10	189	79	110	1
chr10	189	80	109	1
chr10	189	82	107	1
chr10	189	83	106	1
chr10	189	86	103	1
chr10	189	87	102	1
chr10	189	88	101	1
chr10	190	76	114	1
chr10	190	77	113	1
chr10	191	76	115	1
chr10	191	77	114	1
chr10	192	76	116	1
chr10	192	77	115	1
chr10	193	76	117	1
chr10	193	77	116	1
chr10	194	76	118	1
chr10	194	77	117	1
chr10	194	85	109	1
chr10	195	76	119	1
chr10	195	77	118	1
chr10	195	78	117	1
chr10	196	76	120	1
chr10	196	77	119	1
chr10	196	78	118	1
chr10	197	76	121	1
chr10	197	77	120	1
chr10	197	78	119	1
chr10	198	76	122	1
chr10	200	76	124	1
chr10	200	77	123	1
chr10	202	78	124	1
chr10	204	77	127	1
chr10	204	78	126	1
chr10	205	76	129	1
chr10	210	76	134	1
chr10	211	76	135	1
chr10	218	76	142	1
chr10	270	241	29	1
chr10	279	76	203	1
chr10	304	193	111	1
chr10	312	78	234	1
chr10	375	86	289	1
chr10	387	86	301	1
chr10	426	390	36	1
chr10	437	358	79	1
chr10	437	381	56	1
chr10	438	376	62	1
chr10	439	381	58	1
chr10	442	392	50	1
chr10	445	375	70	1
chr10	445	392	53	1
chr10	446	392	54	1
chr10	514	505	9	1
chr10	516	505	11	1
chr10	517	503	14	1
chr10	523	519	4	1
chr10	539	531	8	1
chr10	539	533	6	1
chr10	540	531	9	1
chr10	543	530	13	1
chr10	543	533	10	1
chr10	544	530	14	1
chr10	544	531	13	1
chr10	544	533	11	1
chr10	552	548	4	1
chr10	553	548	5	1
chr10	606	589	17	1
chr10	698	170	528	1
chr10	710	458	252	1
chr10	733	274	459	1
chr10	937	923	14	1
chr10	939	930	9	1
chr10	959	918	41	1
chr10	959	919	40	1
chr10	960	919	41	1
chr10	964	919	45	1
chr10	964	926	38	1
chr10	964	941	23	1
chr10	966	917	49	1
chr10	966	919	47	1
chr10	968	922	46	1
chr10	969	919	50	1
chr10	970	918	52	1
chr10	970	919	51	1
chr10	972	542	430	1
chr10	973	919	54	1
chr10	974	919	55	1
chr10	974	923	51	1
chr10	978	916	62	1
chr10	980	589	391	1
chr10	985	472	513	1
chr10	986	472	514	1
chr10	986	839	147	1
chr10	986	919	67	1
chr10	987	540	447	1
chr10	987	541	446	1
chr10	987	974	13	1
chr10	990	542	448	1
chr10	990	552	438	1
chr10	999	972	27	1
chr10	1055	76	979	1
chr10	1115	1101	14	1
chr10	1120	1101	19	1
chr10	1297	660	637	1
chr10	1389	1339	50	1
chr10	1389	1340	49	1
chr10	1389	1358	31	1
chr10	1389	1369	20	1
chr10	1391	1340	51	1
chr10	1391	1346	45	1
chr10	1392	1339	53	1
chr10	1392	1340	52	1
chr10	1392	1346	46	1
chr10	1393	1346	47	1
chr10	1398	1332	66	1
chr10	1400	1347	53	1
chr10	1401	1339	62	1
chr10	1401	1340	61	1
chr10	1401	1346	55	1
chr10	1401	1347	54	1
chr10	1403	1332	71	1
chr10	1404	1332	72	1
chr10	1404	1339	65	1
chr10	1413	1342	71	1
chr10	1418	1340	78	1
chr10	1430	646	784	1
chr10	1445	973	472	1
chr10	1445	974	471	1
chr10	1445	975	470	1
chr10	1445	976	469	1
chr10	1445	1001	444	1
chr10	1448	698	750	1
chr10	1482	1472	10	1
chr10	1482	1473	9	1
chr10	1483	1472	11	1
chr10	1493	617	876	1
chr10	1495	474	1021	1
chr10	1541	1533	8	1
chr10	1657	1577	80	1
chr10	1664	974	690	1
chr10	1665	1660	5	1
chr10	1740	1403	337	1
chr10	1741	1399	342	1
chr10	1741	1402	339	1
chr10	1741	1403	338	1
chr10	1916	971	945	1
chr10	1923	1004	919	1
chr10	1950	696	1254	1
chr10	1950	978	972	1
chr10	1953	699	1254	1
chr10	1963	699	1264	1
chr10	2023	993	1030	1
chr10	2107	1899	208	1
chr10	2128	1883	245	1
chr10	2129	2111	18	1
chr10	2134	1874	260	1
chr10	2195	2171	24	1
chr10	2231	607	1624	1
chr10	2265	756	1509	1
chr10	2322	2266	56	1
chr10	2380	2376	4	1
chr10	2383	2376	7	1
chr10	2384	917	1467	1
chr10	2405	1016	1389	1
chr10	2546	2503	43	1
chr10	2547	2503	44	1
chr10	2548	2503	45	1
chr10	2548	2506	42	1
chr10	2734	118	2616	1
chr10	2755	116	2639	1
chr10	2755	119	2636	1
chr10	2755	121	2634	1
chr10	2756	116	2640	1
chr10	2759	2357	402	1
chr10	2785	2774	11	1
chr10	2902	2109	793	1
chr10	2907	1443	1464	1
chr10	2908	2895	13	1
chr10	2908	2897	11	1
chr10	2908	2898	10	1
chr10	2926	547	2379	1
chr10	2926	1556	1370	1
chr10	2948	627	2321	1
chr10	2959	997	1962	1
chr10	2968	978	1990	1
chr10	2974	606	2368	1
chr10	2974	620	2354	1
chr10	2981	608	2373	1
chr10	2993	501	2492	1
chr10	2993	850	2143	1
chr10	3007	2769	238	1
chr10	3012	1952	1060	1
chr10	3021	1062	1959	1
chr10	3023	488	2535	1
chr10	3027	630	2397	1
chr10	3060	2362	698	1
chr10	3115	3068	47	1
chr10	3116	3068	48	1
chr10	3157	2163	994	1
chr10	3157	2172	985	1
chr10	3157	2175	982	1
chr10	3158	2175	983	1
chr10	3173	1529	1644	1
chr10	3187	1002	2185	1
chr10	3188	1001	2187	1
chr10	3190	1003	2187	1
chr10	3202	913	2289	1
chr10	3202	2201	1001	1
chr10	3203	860	2343	1
chr10	3203	909	2294	1
chr10	3203	913	2290	1
chr10	3204	2017	1187	1
chr10	3204	2207	997	1
chr10	3204	2211	993	1
chr10	3204	2969	235	1
chr10	3205	2368	837	1
chr10	3205	2371	834	1
chr10	3206	2200	1006	1
chr10	3207	3023	184	1
chr10	3208	3023	185	1
chr10	3220	3115	105	1
chr11	208	178	30	1
chr11	208	179	29	1
chr11	213	183	30	1
chr11	220	208	12	1
chr11	269	234	35	1
chr11	275	214	61	1
chr11	275	215	60	1
chr11	275	231	44	1
chr11	275	232	43	1
chr11	279	214	65	1
chr11	289	173	116	1
chr11	470	444	26	1
chr11	476	430	46	1
chr11	476	435	41	1
chr11	477	430	47	1
chr11	484	285	199	1
chr11	484	286	198	1
chr11	484	287	197	1
chr11	484	289	195	1
chr11	484	435	49	1
chr11	484	444	40	1
chr11	490	286	204	1
chr11	492	430	62	1
chr11	498	151	347	1
chr11	498	152	346	1
chr11	500	296	204	1
chr11	501	435	66	1
chr11	521	224	297	1
chr11	521	225	296	1
chr11	523	217	306	1
chr11	592	228	364	1
chr11	619	599	20	1
chr11	634	599	35	1
chr11	636	599	37	1
chr11	636	600	36	1
chr11	637	599	38	1
chr11	638	599	39	1
chr11	639	599	40	1
chr11	640	599	41	1
chr11	641	599	42	1
chr11	641	600	41	1
chr11	641	606	35	1
chr11	642	599	43	1
chr11	642	606	36	1
chr11	643	600	43	1
chr11	645	606	39	1
chr11	647	599	48	1
chr11	648	233	415	1
chr11	648	237	411	1
chr11	649	599	50	1
chr11	649	600	49	1
chr11	650	600	50	1
chr11	651	237	414	1
chr11	653	275	378	1
chr11	658	621	37	1
chr11	660	599	61	1
chr11	660	619	41	1
chr11	661	599	62	1
chr11	661	600	61	1
chr11	664	605	59	1
chr11	665	599	66	1
chr11	665	619	46	1
chr11	665	635	30	1
chr11	667	605	62	1
chr11	669	599	70	1
chr11	669	606	63	1
chr11	669	619	50	1
chr11	671	606	65	1
chr11	672	605	67	1
chr11	672	606	66	1
chr11	672	642	30	1
chr11	673	606	67	1
chr11	673	631	42	1
chr11	674	605	69	1
chr11	674	606	68	1
chr11	676	606	70	1
chr11	706	679	27	1
chr11	719	679	40	1
chr11	723	589	134	1
chr11	727	596	131	1
chr11	756	519	237	1
chr11	756	530	226	1
chr11	756	534	222	1
chr11	771	756	15	1
chr11	798	145	653	1
chr11	798	149	649	1
chr11	801	142	659	1
chr11	802	149	653	1
chr11	889	868	21	1
chr11	949	172	777	1
chr11	1077	1015	62	1
chr11	1080	1014	66	1
chr11	1080	1015	65	1
chr11	1081	1013	68	1
chr11	1081	1014	67	1
chr11	1081	1015	66	1
chr11	1107	565	542	1
chr11	1121	1111	10	1
chr11	1268	160	1108	1
chr11	1268	161	1107	1
chr11	1270	798	472	1
chr11	1274	799	475	1
chr11	1302	818	484	1
chr11	1336	160	1176	1
chr11	1394	143	1251	1
chr11	1396	1386	10	1
chr11	1397	1385	12	1
chr11	1397	1386	11	1
chr11	1398	1386	12	1
chr11	1399	1384	15	1
chr11	1432	1406	26	1
chr11	1433	150	1283	1
chr11	1437	150	1287	1
chr11	1441	1396	45	1
chr11	1454	148	1306	1
chr11	1487	1484	3	1
chr11	1552	1545	7	1
chr11	1613	1589	24	1
chr11	1695	836	859	1
chr11	1705	1562	143	1
chr11	1711	829	882	1
chr11	1720	768	952	1
chr11	1949	142	1807	1
chr11	1949	148	1801	1
chr11	1949	155	1794	1
chr11	1967	1960	7	1
chr11	2003	281	1722	1
chr11	2152	143	2009	1
chr11	2215	2197	18	1
chr11	2422	1516	906	1
chr11	2497	2484	13	1
chr11	2497	2485	12	1
chr11	2498	2484	14	1
chr11	2501	2482	19	1
chr11	2501	2485	16	1
chr11	2503	2484	19	1
chr11	2504	2480	24	1
chr11	2525	2383	142	1
chr11	2725	2709	16	1
chr11	2727	2709	18	1
chr11	2823	2787	36	1
chr12	264	239	25	1
chr12	265	227	38	1
chr12	306	284	22	1
chr12	395	222	173	1
chr12	412	348	64	1
chr12	412	389	23	1
chr12	507	480	27	1
chr12	508	480	28	1
chr12	509	460	49	1
chr12	524	480	44	1
chr12	526	440	86	1
chr12	526	446	80	1
chr12	526	451	75	1
chr12	527	444	83	1
chr12	527	448	79	1
chr12	527	449	78	1
chr12	527	451	76	1
chr12	527	452	75	1
chr12	527	454	73	1
chr12	528	440	88	1
chr12	528	443	85	1
chr12	528	444	84	1
chr12	528	445	83	1
chr12	528	446	82	1
chr12	528	448	80	1
chr12	528	449	79	1
chr12	528	450	78	1
chr12	528	451	77	1
chr12	528	452	76	1
chr12	528	453	75	1
chr12	528	454	74	1
chr12	529	439	90	1
chr12	529	440	89	1
chr12	529	441	88	1
chr12	529	442	87	1
chr12	529	443	86	1
chr12	529	444	85	1
chr12	529	446	83	1
chr12	529	447	82	1
chr12	529	448	81	1
chr12	529	449	80	1
chr12	529	450	79	1
chr12	529	451	78	1
chr12	529	454	75	1
chr12	530	435	95	1
chr12	530	439	91	1
chr12	530	440	90	1
chr12	530	441	89	1
chr12	530	442	88	1
chr12	530	443	87	1
chr12	530	444	86	1
chr12	530	448	82	1
chr12	531	440	91	1
chr12	531	441	90	1
chr12	531	442	89	1
chr12	531	443	88	1
chr12	531	444	87	1
chr12	531	445	86	1
chr12	531	447	84	1
chr12	531	448	83	1
chr12	531	449	82	1
chr12	531	454	77	1
chr12	532	454	78	1
chr12	533	439	94	1
chr12	533	440	93	1
chr12	533	441	92	1
chr12	533	443	90	1
chr12	533	445	88	1
chr12	533	446	87	1
chr12	533	447	86	1
chr12	533	448	85	1
chr12	533	450	83	1
chr12	533	452	81	1
chr12	533	453	80	1
chr12	533	454	79	1
chr12	534	435	99	1
chr12	534	440	94	1
chr12	534	441	93	1
chr12	534	442	92	1
chr12	534	443	91	1
chr12	534	444	90	1
chr12	534	446	88	1
chr12	534	447	87	1
chr12	534	454	80	1
chr12	535	440	95	1
chr12	535	457	78	1
chr12	536	448	88	1
chr12	536	453	83	1
chr12	536	454	82	1
chr12	536	457	79	1
chr12	536	480	56	1
chr12	537	457	80	1
chr12	538	458	80	1
chr12	539	457	82	1
chr12	540	440	100	1
chr12	540	447	93	1
chr12	540	448	92	1
chr12	540	456	84	1
chr12	540	457	83	1
chr12	540	458	82	1
chr12	540	459	81	1
chr12	540	460	80	1
chr12	540	480	60	1
chr12	541	457	84	1
chr12	541	460	81	1
chr12	549	458	91	1
chr12	549	459	90	1
chr12	549	460	89	1
chr12	549	461	88	1
chr12	570	460	110	1
chr12	570	485	85	1
chr12	570	497	73	1
chr12	570	499	71	1
chr12	571	470	101	1
chr12	571	480	91	1
chr12	571	508	63	1
chr12	573	483	90	1
chr12	573	497	76	1
chr12	573	499	74	1
chr12	574	499	75	1
chr12	585	557	28	1
chr12	612	458	154	1
chr12	612	460	152	1
chr12	612	470	142	1
chr12	612	480	132	1
chr12	612	481	131	1
chr12	612	483	129	1
chr12	612	497	115	1
chr12	612	499	113	1
chr12	612	506	106	1
chr12	612	507	105	1
chr12	612	508	104	1
chr12	612	509	103	1
chr12	612	572	40	1
chr12	622	580	42	1
chr12	625	465	160	1
chr12	628	459	169	1
chr12	629	448	181	1
chr12	629	456	173	1
chr12	629	459	170	1
chr12	629	470	159	1
chr12	630	458	172	1
chr12	630	470	160	1
chr12	630	537	93	1
chr12	630	539	91	1
chr12	664	652	12	1
chr12	674	652	22	1
chr12	675	647	28	1
chr12	675	652	23	1
chr12	676	652	24	1
chr12	689	650	39	1
chr12	766	138	628	1
chr12	782	107	675	1
chr12	787	122	665	1
chr12	823	817	6	1
chr12	846	422	424	1
chr12	1035	1026	9	1
chr12	1081	1039	42	1
chr12	1175	644	531	1
chr12	1302	1263	39	1
chr12	1323	539	784	1
chr12	1323	1056	267	1
chr12	1324	539	785	1
chr12	1324	809	515	1
chr12	1502	1459	43	1
chr12	1558	1521	37	1
chr12	1558	1524	34	1
chr12	1559	1511	48	1
chr12	1559	1521	38	1
chr12	1559	1522	37	1
chr12	1559	1524	35	1
chr12	1559	1525	34	1
chr12	1585	1521	64	1
chr12	1635	308	1327	1
chr12	1671	134	1537	1
chr12	1887	480	1407	1
chr12	1887	524	1363	1
chr12	1892	480	1412	1
chr12	1899	1887	12	1
chr12	1904	454	1450	1
chr12	1905	480	1425	1
chr12	1912	524	1388	1
chr12	1915	524	1391	1
chr12	1917	524	1393	1
chr12	1918	524	1394	1
chr12	1920	1869	51	1
chr12	1923	480	1443	1
chr12	1927	524	1403	1
chr12	1929	524	1405	1
chr12	1934	480	1454	1
chr12	2000	1983	17	1
chr12	2001	1983	18	1
chr12	2023	1630	393	1
chr12	2024	2012	12	1
chr12	2025	1653	372	1
chr12	2025	2012	13	1
chr12	2025	2018	7	1
chr12	2028	1630	398	1
chr12	2029	2012	17	1
chr12	2030	2012	18	1
chr12	2032	2012	20	1
chr12	2047	104	1943	1
chr12	2062	103	1959	1
chr12	2068	799	1269	1
chr12	2070	480	1590	1
chr12	2082	1018	1064	1
chr12	2121	2106	15	1
chr12	2159	815	1344	1
chr12	2237	2222	15	1
chr12	2238	2221	17	1
chr12	2238	2222	16	1
chr12	2238	2224	14	1
chr12	2238	2228	10	1
chr12	2239	2222	17	1
chr12	2239	2223	16	1
chr12	2239	2224	15	1
chr12	2239	2228	11	1
chr12	2321	1505	816	1
chr12	2503	2321	182	1
chr12	2520	2509	11	1
chr12	2521	2509	12	1
chr12	2522	2508	14	1
chr12	2522	2509	13	1
chr12	2524	2321	203	1
chr12	2524	2507	17	1
chr12	2527	2320	207	1
chr12	2527	2321	206	1
chr12	2527	2322	205	1
chr12	2527	2323	204	1
chr12	2527	2509	18	1
chr12	2529	2508	21	1
chr12	2529	2509	20	1
chr12	2541	2321	220	1
chr12	2541	2509	32	1
chr12	2543	630	1913	1
chr12	2543	2536	7	1
chr12	2543	2537	6	1
chr12	2544	2536	8	1
chr12	2545	630	1915	1
chr12	2558	506	2052	1
chr12	2559	2244	315	1
chr12	2561	480	2081	1
chr12	2589	2581	8	1
chr12	2590	2581	9	1
chr12	2593	2581	12	1
chr12	2651	480	2171	1
chr12	2651	508	2143	1
chr12	2651	2581	70	1
chr12	2676	2532	144	1
chr12	2724	2705	19	1
chr12	2735	2707	28	1
chr12	2742	530	2212	1
chr12	2752	540	2212	1
chr12	2752	2537	215	1
chr12	2752	2597	155	1
chr12	2753	438	2315	1
chr12	2753	540	2213	1
chr12	2767	507	2260	1
chr12	2769	506	2263	1
chr12	2769	531	2238	1
chr12	2770	506	2264	1
chr12	2780	507	2273	1
chr12	2783	530	2253	1
chr12	2785	530	2255	1
chr12	2788	480	2308	1
chr12	2793	530	2263	1
chr12	2795	441	2354	1
chr12	2795	530	2265	1
chr12	2810	531	2279	1
chr12	2810	532	2278	1
chr12	2820	480	2340	1
chr12	2822	441	2381	1
chr12	2823	440	2383	1
chr12	2823	441	2382	1
chr12	2823	507	2316	1
chr12	2825	506	2319	1
chr12	2825	815	2010	1
chr12	2826	533	2293	1
chr12	2826	540	2286	1
chr12	2826	2197	629	1
chr12	2828	533	2295	1
chr12	2831	445	2386	1
chr12	2831	538	2293	1
chr12	2831	540	2291	1
chr12	2833	433	2400	1
chr12	2833	435	2398	1
chr12	2833	436	2397	1
chr12	2833	809	2024	1
chr12	2834	530	2304	1
chr12	2839	549	2290	1
chr12	2860	723	2137	1
chr12	2873	2024	849	1
chr12	2892	704	2188	1
chr12	2892	1331	1561	1
chr12	2898	723	2175	1
chr12	2902	530	2372	1
chr12	2902	704	2198	1
chr12	2902	2247	655	1
chr12	2902	2892	10	1
chr12	2902	2898	4	1
chr12	2902	2899	3	1
chr12	2911	480	2431	1
chr12	2919	2238	681	1
chr12	2919	2869	50	1
chr12	2920	1324	1596	1
chr12	2921	2902	19	1
chr12	2922	2650	272	1
chr12	2922	2911	11	1
chr12	2923	2650	273	1
chr12	2926	2911	15	1
chr12	2926	2912	14	1
chr12	2927	2650	277	1
chr12	2927	2651	276	1
chr12	2927	2908	19	1
chr12	2927	2911	16	1
chr12	2927	2919	8	1
chr12	2973	2899	74	1
chr12	3025	448	2577	1
chr12	3029	2898	131	1
chr13	144	118	26	1
chr13	144	120	24	1
chr13	144	121	23	1
chr13	150	131	19	1
chr13	151	117	34	1
chr13	152	129	23	1
chr13	153	117	36	1
chr13	153	118	35	1
chr13	153	127	26	1
chr13	154	117	37	1
chr13	157	117	40	1
chr13	158	117	41	1
chr13	158	118	40	1
chr13	158	131	27	1
chr13	158	132	26	1
chr13	162	116	46	1
chr13	162	117	45	1
chr13	162	118	44	1
chr13	163	118	45	1
chr13	325	115	210	1
chr13	326	323	3	1
chr13	396	370	26	1
chr13	396	371	25	1
chr13	397	370	27	1
chr13	437	403	34	1
chr13	610	598	12	1
chr13	610	599	11	1
chr13	748	729	19	1
chr13	749	729	20	1
chr13	949	946	3	1
chr13	952	939	13	1
chr13	1017	1003	14	1
chr13	1126	1093	33	1
chr13	1215	1201	14	1
chr13	1215	1202	13	1
chr13	1283	1277	6	1
chr13	1285	1277	8	1
chr13	1286	1277	9	1
chr13	1287	1277	10	1
chr13	1288	1277	11	1
chr13	1291	1277	14	1
chr13	1292	1277	15	1
chr13	1436	1416	20	1
chr13	1482	1471	11	1
chr13	1487	1471	16	1
chr13	1488	1471	17	1
chr13	1556	1540	16	1
chr13	1664	1644	20	1
chr13	1669	1637	32	1
chr13	1669	1643	26	1
chr13	1669	1653	16	1
chr13	1670	1643	27	1
chr13	1670	1644	26	1
chr13	1670	1653	17	1
chr13	1671	1644	27	1
chr13	1671	1653	18	1
chr13	1819	1792	27	1
chr13	2154	969	1185	1
chr13	2274	2248	26	1
chr13	2275	2246	29	1
chr13	2275	2247	28	1
chr13	2275	2248	27	1
chr13	2275	2253	22	1
chr13	2276	2248	28	1
chr13	2283	1848	435	1
chr13	2321	2302	19	1
chr13	2321	2303	18	1
chr13	2322	2302	20	1
chr13	2322	2303	19	1
chr13	2324	2302	22	1
chr13	2327	2302	25	1
chr13	2328	2303	25	1
chr13	2393	2385	8	1
chr13	2449	1696	753	1
chr13	2457	1670	787	1
chr13	2477	1670	807	1
chr13	2563	2541	22	1
chr13	2586	2541	45	1
chr13	2586	2542	44	1
chr13	2586	2543	43	1
chr13	2586	2545	41	1
chr13	2586	2563	23	1
chr13	2587	2539	48	1
chr13	2587	2541	46	1
chr13	2587	2542	45	1
chr13	2587	2543	44	1
chr13	2587	2545	42	1
chr13	2587	2546	41	1
chr13	2587	2550	37	1
chr13	2587	2563	24	1
chr13	2588	2563	25	1
chr13	2592	2563	29	1
chr13	2594	2563	31	1
chr13	2597	2547	50	1
chr13	2598	2547	51	1
chr13	2598	2563	35	1
chr13	2609	2543	66	1
chr13	2609	2545	64	1
chr13	2724	2707	17	1
chr13	2746	2539	207	1
chr13	2746	2541	205	1
chr13	2746	2543	203	1
chr13	2746	2547	199	1
chr13	2746	2553	193	1
chr13	2746	2556	190	1
chr13	2746	2558	188	1
chr13	2746	2559	187	1
chr13	2779	2772	7	1
chr13	2803	2780	23	1
chr13	2805	2780	25	1
chr13	2830	1653	1177	1
chr13	2831	1653	1178	1
chr13	2831	2387	444	1
chr13	2832	1684	1148	1
chr13	2832	1868	964	1
chr13	2836	1847	989	1
chr13	2836	1849	987	1
chr13	2837	1653	1184	1
chr13	2839	1653	1186	1
chr13	2896	2283	613	1
chr14	151	76	75	1
chr14	151	77	74	1
chr14	151	105	46	1
chr14	153	76	77	1
chr14	153	105	48	1
chr14	153	110	43	1
chr14	182	113	69	1
chr14	184	76	108	1
chr14	184	104	80	1
chr14	184	110	74	1
chr14	184	113	71	1
chr14	184	151	33	1
chr14	184	153	31	1
chr14	194	76	118	1
chr14	194	105	89	1
chr14	194	110	84	1
chr14	194	113	81	1
chr14	194	151	43	1
chr14	194	152	42	1
chr14	194	153	41	1
chr14	195	76	119	1
chr14	195	105	90	1
chr14	195	107	88	1
chr14	195	110	85	1
chr14	195	113	82	1
chr14	195	151	44	1
chr14	195	152	43	1
chr14	195	153	42	1
chr14	195	184	11	1
chr14	196	76	120	1
chr14	196	105	91	1
chr14	196	107	89	1
chr14	196	110	86	1
chr14	196	151	45	1
chr14	196	152	44	1
chr14	196	153	43	1
chr14	197	107	90	1
chr14	203	113	90	1
chr14	204	76	128	1
chr14	204	105	99	1
chr14	204	107	97	1
chr14	204	110	94	1
chr14	204	113	91	1
chr14	204	151	53	1
chr14	204	152	52	1
chr14	204	153	51	1
chr14	204	184	20	1
chr14	226	152	74	1
chr14	268	234	34	1
chr14	269	231	38	1
chr14	269	232	37	1
chr14	288	230	58	1
chr14	302	243	59	1
chr14	303	243	60	1
chr14	303	252	51	1
chr14	315	221	94	1
chr14	316	225	91	1
chr14	317	221	96	1
chr14	326	281	45	1
chr14	404	196	208	1
chr14	416	196	220	1
chr14	418	196	222	1
chr14	424	196	228	1
chr14	425	196	229	1
chr14	427	196	231	1
chr14	428	195	233	1
chr14	428	196	232	1
chr14	445	196	249	1
chr14	449	196	253	1
chr14	450	151	299	1
chr14	451	151	300	1
chr14	451	196	255	1
chr14	476	451	25	1
chr14	476	463	13	1
chr14	480	408	72	1
chr14	511	76	435	1
chr14	511	77	434	1
chr14	511	105	406	1
chr14	511	107	404	1
chr14	511	110	401	1
chr14	511	113	398	1
chr14	511	151	360	1
chr14	511	152	359	1
chr14	511	153	358	1
chr14	511	158	353	1
chr14	511	184	327	1
chr14	511	194	317	1
chr14	511	195	316	1
chr14	511	196	315	1
chr14	511	197	314	1
chr14	511	203	308	1
chr14	511	204	307	1
chr14	511	207	304	1
chr14	511	215	296	1
chr14	512	110	402	1
chr14	512	152	360	1
chr14	512	184	328	1
chr14	512	195	317	1
chr14	512	196	316	1
chr14	512	204	308	1
chr14	516	196	320	1
chr14	517	196	321	1
chr14	518	195	323	1
chr14	518	196	322	1
chr14	519	196	323	1
chr14	521	196	325	1
chr14	521	204	317	1
chr14	522	196	326	1
chr14	522	204	318	1
chr14	523	195	328	1
chr14	523	196	327	1
chr14	523	204	319	1
chr14	524	204	320	1
chr14	525	196	329	1
chr14	525	204	321	1
chr14	527	204	323	1
chr14	531	196	335	1
chr14	532	195	337	1
chr14	532	196	336	1
chr14	532	204	328	1
chr14	533	152	381	1
chr14	533	196	337	1
chr14	534	196	338	1
chr14	535	196	339	1
chr14	536	196	340	1
chr14	537	195	342	1
chr14	537	196	341	1
chr14	538	152	386	1
chr14	538	196	342	1
chr14	539	195	344	1
chr14	539	196	343	1
chr14	540	196	344	1
chr14	541	196	345	1
chr14	542	196	346	1
chr14	544	196	348	1
chr14	549	196	353	1
chr14	551	196	355	1
chr14	552	196	356	1
chr14	557	196	361	1
chr14	558	196	362	1
chr14	562	152	410	1
chr14	562	195	367	1
chr14	562	196	366	1
chr14	563	196	367	1
chr14	563	549	14	1
chr14	564	196	368	1
chr14	572	196	376	1
chr14	573	196	377	1
chr14	573	204	369	1
chr14	574	204	370	1
chr14	577	196	381	1
chr14	579	204	375	1
chr14	594	184	410	1
chr14	594	204	390	1
chr14	604	184	420	1
chr14	604	194	410	1
chr14	604	569	35	1
chr14	604	570	34	1
chr14	607	569	38	1
chr14	609	541	68	1
chr14	611	204	407	1
chr14	626	204	422	1
chr14	627	204	423	1
chr14	628	204	424	1
chr14	628	541	87	1
chr14	663	195	468	1
chr14	666	195	471	1
chr14	667	196	471	1
chr14	706	701	5	1
chr14	716	345	371	1
chr14	719	405	314	1
chr14	721	419	302	1
chr14	727	449	278	1
chr14	729	429	300	1
chr14	729	449	280	1
chr14	729	716	13	1
chr14	729	717	12	1
chr14	735	449	286	1
chr14	735	453	282	1
chr14	735	716	19	1
chr14	735	717	18	1
chr14	737	428	309	1
chr14	737	429	308	1
chr14	737	432	305	1
chr14	737	449	288	1
chr14	745	449	296	1
chr14	746	429	317	1
chr14	746	717	29	1
chr14	747	717	30	1
chr14	748	717	31	1
chr14	748	720	28	1
chr14	749	449	300	1
chr14	754	720	34	1
chr14	785	693	92	1
chr14	789	703	86	1
chr14	859	152	707	1
chr14	864	196	668	1
chr14	867	152	715	1
chr14	868	152	716	1
chr14	882	312	570	1
chr14	935	890	45	1
chr14	943	887	56	1
chr14	944	882	62	1
chr14	944	890	54	1
chr14	1005	335	670	1
chr14	1011	430	581	1
chr14	1099	404	695	1
chr14	1101	195	906	1
chr14	1101	404	697	1
chr14	1103	314	789	1
chr14	1124	404	720	1
chr14	1135	441	694	1
chr14	1137	152	985	1
chr14	1148	312	836	1
chr14	1148	320	828	1
chr14	1150	462	688	1
chr14	1154	314	840	1
chr14	1172	747	425	1
chr14	1177	152	1025	1
chr14	1183	1166	17	1
chr14	1188	152	1036	1
chr14	1189	312	877	1
chr14	1191	152	1039	1
chr14	1191	444	747	1
chr14	1191	449	742	1
chr14	1191	453	738	1
chr14	1199	429	770	1
chr14	1217	1210	7	1
chr14	1225	1209	16	1
chr14	1228	1210	18	1
chr14	1243	659	584	1
chr14	1244	659	585	1
chr14	1244	660	584	1
chr14	1245	659	586	1
chr14	1286	1263	23	1
chr14	1296	261	1035	1
chr14	1339	1126	213	1
chr14	1352	1334	18	1
chr14	1502	627	875	1
chr14	1590	1578	12	1
chr14	1590	1579	11	1
chr14	1771	558	1213	1
chr14	1819	1793	26	1
chr14	1826	702	1124	1
chr14	1855	151	1704	1
chr14	1899	1892	7	1
chr14	1903	152	1751	1
chr14	1908	217	1691	1
chr14	1924	196	1728	1
chr14	1931	1599	332	1
chr14	1932	1592	340	1
chr14	1932	1923	9	1
chr14	1949	196	1753	1
chr14	1949	537	1412	1
chr14	2058	2018	40	1
chr14	2067	1440	627	1
chr14	2074	2038	36	1
chr14	2076	2033	43	1
chr14	2079	2033	46	1
chr14	2081	2038	43	1
chr14	2082	1950	132	1
chr14	2089	2006	83	1
chr14	2099	2031	68	1
chr14	2099	2033	66	1
chr14	2377	983	1394	1
chr14	2401	151	2250	1
chr14	2401	196	2205	1
chr14	2401	511	1890	1
chr14	2498	1949	549	1
chr14	2498	1953	545	1
chr14	2504	1973	531	1
chr14	2507	2489	18	1
chr14	2508	1949	559	1
chr14	2514	658	1856	1
chr14	2514	1879	635	1
chr14	2514	1884	630	1
chr14	2515	549	1966	1
chr14	2515	557	1958	1
chr14	2515	562	1953	1
chr14	2515	563	1952	1
chr14	2515	564	1951	1
chr14	2515	633	1882	1
chr14	2515	649	1866	1
chr14	2515	653	1862	1
chr14	2515	704	1811	1
chr14	2515	769	1746	1
chr14	2515	770	1745	1
chr14	2515	1854	661	1
chr14	2515	1879	636	1
chr14	2515	1949	566	1
chr14	2515	2010	505	1
chr14	2516	1953	563	1
chr14	2516	2312	204	1
chr14	2517	1949	568	1
chr14	2523	2508	15	1
chr14	2527	2512	15	1
chr14	2529	2511	18	1
chr14	2529	2512	17	1
chr14	2537	2511	26	1
chr14	2544	2511	33	1
chr14	2545	2511	34	1
chr14	2546	2512	34	1
chr14	2547	2511	36	1
chr14	2547	2514	33	1
chr14	2547	2516	31	1
chr14	2548	2016	532	1
chr14	2548	2511	37	1
chr14	2548	2515	33	1
chr14	2551	1949	602	1
chr14	2551	1957	594	1
chr14	2551	2516	35	1
chr14	2552	1949	603	1
chr14	2552	2517	35	1
chr14	2555	1949	606	1
chr14	2557	1953	604	1
chr14	2576	2014	562	1
chr14	2588	196	2392	1
chr14	2648	1949	699	1
chr14	2654	1953	701	1
chr14	2662	820	1842	1
chr14	2662	2645	17	1
chr14	2688	2687	1	1
chr14	2749	2456	293	1
chr14	2752	2693	59	1
chr14	2878	2207	671	1
chr14	2884	1950	934	1
chr14	2884	2007	877	1
chr14	2884	2010	874	1
chr14	2884	2011	873	1
chr14	2887	1928	959	1
chr14	2887	1950	937	1
chr14	2888	1950	938	1
chr14	2922	2001	921	1
chr14	2922	2008	914	1
chr14	2922	2009	913	1
chr14	2922	2010	912	1
chr14	2923	2009	914	1
chr14	2925	2008	917	1
chr14	2932	2501	431	1
chr14	2932	2505	427	1
chr14	2933	942	1991	1
chr14	2933	945	1988	1
chr14	2936	1999	937	1
chr14	2936	2000	936	1
chr14	2936	2008	928	1
chr14	2937	2008	929	1
chr14	2938	2008	930	1
chr14	2945	2922	23	1
chr14	2953	2008	945	1
chr14	2953	2922	31	1
chr14	2957	2905	52	1
chr14	2957	2922	35	1
chr14	2958	1999	959	1
chr14	2958	2008	950	1
chr14	2958	2925	33	1
chr14	2958	2933	25	1
chr14	2959	2922	37	1
chr14	2959	2925	34	1
chr14	2959	2933	26	1
chr14	2960	1949	1011	1
chr14	2960	1953	1007	1
chr14	2960	1999	961	1
chr14	2960	2000	960	1
chr14	2960	2901	59	1
chr14	2961	1953	1008	1
chr14	2961	2006	955	1
chr14	2961	2898	63	1
chr14	2961	2901	60	1
chr14	2961	2904	57	1
chr14	2961	2905	56	1
chr14	2961	2906	55	1
chr14	2961	2907	54	1
chr14	2961	2911	50	1
chr14	2961	2922	39	1
chr14	2961	2923	38	1
chr14	2964	2009	955	1
chr14	2965	1995	970	1
chr14	2965	1998	967	1
chr14	2965	1999	966	1
chr14	2965	2000	965	1
chr14	2965	2008	957	1
chr14	2965	2009	956	1
chr14	2966	2000	966	1
chr14	2966	2008	958	1
chr14	2967	1998	969	1
chr14	2967	2000	967	1
chr14	2967	2006	961	1
chr14	2967	2007	960	1
chr14	2967	2008	959	1
chr14	2967	2009	958	1
chr14	2969	1594	1375	1
chr14	2969	1997	972	1
chr14	2969	1998	971	1
chr14	2969	2000	969	1
chr14	2969	2003	966	1
chr14	2969	2006	963	1
chr14	2969	2009	960	1
chr14	2969	2011	958	1
chr14	2969	2020	949	1
chr14	2970	2006	964	1
chr14	2970	2009	961	1
chr14	2971	1997	974	1
chr14	2971	1998	973	1
chr14	2971	1999	972	1
chr14	2971	2000	971	1
chr14	2971	2009	962	1
chr14	2974	2009	965	1
chr14	2975	1600	1375	1
chr14	2975	1946	1029	1
chr14	2975	1948	1027	1
chr14	2975	1949	1026	1
chr14	2975	1950	1025	1
chr14	2975	2000	975	1
chr14	2976	1585	1391	1
chr14	2976	1590	1386	1
chr14	2977	2006	971	1
chr14	2978	196	2782	1
chr14	2978	1558	1420	1
chr14	2978	1563	1415	1
chr14	2978	1564	1414	1
chr14	2978	1567	1411	1
chr14	2978	1585	1393	1
chr14	2978	2011	967	1
chr14	2979	196	2783	1
chr14	2979	557	2422	1
chr14	2979	562	2417	1
chr14	2979	1497	1482	1
chr14	2979	1563	1416	1
chr14	2979	1567	1412	1
chr14	2979	1585	1394	1
chr14	2979	1661	1318	1
chr14	2979	1691	1288	1
chr14	2979	1939	1040	1
chr14	2979	1946	1033	1
chr14	2979	1947	1032	1
chr14	2979	1949	1030	1
chr14	2979	2495	484	1
chr14	2979	2515	464	1
chr14	2980	196	2784	1
chr14	2980	1949	1031	1
chr14	2980	1950	1030	1
chr14	2980	1953	1027	1
chr14	2980	1999	981	1
chr14	2980	2966	14	1
chr14	2983	1924	1059	1
chr14	2983	1950	1033	1
chr14	2983	2521	462	1
chr14	2984	1691	1293	1
chr14	2985	2000	985	1
chr14	2990	1497	1493	1
chr14	2990	1999	991	1
chr14	2991	2003	988	1
chr14	2993	1999	994	1
chr14	2993	2003	990	1
chr14	2995	621	2374	1
chr14	3002	2987	15	1
chr14	3005	2987	18	1
chr14	3007	2987	20	1
chr14	3010	2987	23	1
chr14	3010	2989	21	1
chr14	3011	2011	1000	1
chr14	3011	2987	24	1
chr14	3011	2989	22	1
chr14	3012	1497	1515	1
chr14	3012	1950	1062	1
chr14	3012	2000	1012	1
chr14	3012	2011	1001	1
chr14	3012	2884	128	1
chr14	3012	2987	25	1
chr14	3012	2988	24	1
chr14	3012	2989	23	1
chr14	3012	2991	21	1
chr14	3012	2993	19	1
chr14	3014	1949	1065	1
chr14	3017	1949	1068	1
chr14	3020	1419	1601	1
chr14	3022	76	2946	1
chr14	3026	2993	33	1
chr14	3028	105	2923	1
chr14	3028	3002	26	1
chr14	3029	1950	1079	1
chr14	3030	1328	1702	1
chr14	3030	1652	1378	1
chr14	3031	196	2835	1
chr14	3031	1661	1370	1
chr14	3031	1928	1103	1
chr14	3031	1950	1081	1
chr14	3031	2000	1031	1
chr14	3032	196	2836	1
chr14	3032	1422	1610	1
chr14	3032	1661	1371	1
chr14	3032	1942	1090	1
chr14	3032	1947	1085	1
chr14	3032	1949	1083	1
chr14	3032	1950	1082	1
chr14	3032	1965	1067	1
chr14	3032	1998	1034	1
chr14	3032	1999	1033	1
chr14	3032	2000	1032	1
chr14	3032	2001	1031	1
chr14	3032	2003	1029	1
chr14	3032	2009	1023	1
chr14	3032	2010	1022	1
chr14	3032	2011	1021	1
chr14	3032	2989	43	1
chr14	3033	2000	1033	1
chr14	3035	1448	1587	1
chr14	3035	1653	1382	1
chr14	3035	1659	1376	1
chr14	3035	1661	1374	1
chr14	3035	2003	1032	1
chr14	3037	196	2841	1
chr14	3037	1639	1398	1
chr14	3037	1649	1388	1
chr14	3037	1661	1376	1
chr14	3037	2000	1037	1
chr14	3037	2003	1034	1
chr14	3038	152	2886	1
chr14	3038	2003	1035	1
chr14	3038	2487	551	1
chr14	3038	2986	52	1
chr14	3043	1946	1097	1
chr14	3043	1950	1093	1
chr14	3043	2554	489	1
chr14	3043	2748	295	1
chr14	3044	196	2848	1
chr14	3044	1949	1095	1
chr14	3045	153	2892	1
chr14	3045	196	2849	1
chr14	3045	1151	1894	1
chr14	3045	1922	1123	1
chr14	3045	1928	1117	1
chr14	3045	1949	1096	1
chr14	3045	1999	1046	1
chr14	3045	2003	1042	1
chr14	3045	2487	558	1
chr14	3045	2511	534	1
chr14	3045	2515	530	1
chr14	3045	2553	492	1
chr14	3045	2554	491	1
chr14	3046	924	2122	1
chr14	3046	1949	1097	1
chr14	3046	1950	1096	1
chr14	3046	2652	394	1
chr14	3047	2003	1044	1
chr14	3047	3042	5	1
chr14	3048	196	2852	1
chr14	3048	204	2844	1
chr14	3048	627	2421	1
chr14	3048	1603	1445	1
chr14	3048	1643	1405	1
chr14	3048	1645	1403	1
chr14	3048	1654	1394	1
chr14	3048	1655	1393	1
chr14	3048	1661	1387	1
chr14	3048	1667	1381	1
chr14	3048	3038	10	1
chr14	3049	1949	1100	1
chr14	3049	2553	496	1
chr14	3050	1236	1814	1
chr14	3050	2511	539	1
chr14	3051	2642	409	1
chr14	3052	2511	541	1
chr14	3052	2642	410	1
chr14	3054	1669	1385	1
chr14	3054	2511	543	1
chr14	3054	2642	412	1
chr14	3058	1691	1367	1
chr14	3058	2511	547	1
chr14	3058	2516	542	1
chr14	3058	2519	539	1
chr14	3058	2526	532	1
chr14	3058	2529	529	1
chr14	3058	2547	511	1
chr14	3060	196	2864	1
chr14	3064	196	2868	1
chr14	3064	204	2860	1
chr14	3069	735	2334	1
chr14	3069	739	2330	1
chr14	3069	740	2329	1
chr14	3069	1949	1120	1
chr14	3070	740	2330	1
chr14	3071	151	2920	1
chr14	3075	830	2245	1
chr14	3075	1594	1481	1
chr14	3075	2298	777	1
chr14	3085	2548	537	1
chr14	3090	2085	1005	1
chr14	3091	2544	547	1
chr14	3091	3086	5	1
chr14	3098	184	2914	1
chr14	3098	196	2902	1
chr14	3098	721	2377	1
chr14	3098	1924	1174	1
chr14	3098	2376	722	1
chr14	3098	2377	721	1
chr14	3098	2384	714	1
chr14	3098	2599	499	1
chr14	3099	1909	1190	1
chr14	3100	1950	1150	1
chr14	3100	1999	1101	1
chr14	3100	2005	1095	1
chr14	3100	2007	1093	1
chr14	3100	2126	974	1
chr14	3100	2127	973	1
chr14	3100	2131	969	1
chr14	3100	2132	968	1
chr14	3100	2188	912	1
chr14	3101	1923	1178	1
chr14	3101	1928	1173	1
chr14	3101	1949	1152	1
chr14	3101	2365	736	1
chr14	3103	2175	928	1
chr14	3109	2547	562	1
chr14	3116	3095	21	1
chr15	151	135	16	1
chr15	153	130	23	1
chr15	153	131	22	1
chr15	153	132	21	1
chr15	153	134	19	1
chr15	153	143	10	1
chr15	500	195	305	1
chr15	500	201	299	1
chr15	501	195	306	1
chr15	629	167	462	1
chr15	644	171	473	1
chr15	749	708	41	1
chr15	759	749	10	1
chr15	767	749	18	1
chr15	777	753	24	1
chr15	947	919	28	1
chr15	954	645	309	1
chr15	955	644	311	1
chr15	955	645	310	1
chr15	956	644	312	1
chr15	958	642	316	1
chr15	958	644	314	1
chr15	958	645	313	1
chr15	959	165	794	1
chr15	959	167	792	1
chr15	959	644	315	1
chr15	960	644	316	1
chr15	961	644	317	1
chr15	992	980	12	1
chr15	1015	1001	14	1
chr15	1022	1001	21	1
chr15	1313	1003	310	1
chr15	1319	984	335	1
chr15	1323	984	339	1
chr15	1327	988	339	1
chr15	1545	1524	21	1
chr15	1548	1473	75	1
chr15	1561	1532	29	1
chr15	1561	1545	16	1
chr15	1562	1545	17	1
chr15	1563	1545	18	1
chr15	1565	1525	40	1
chr15	1591	1545	46	1
chr15	1702	1675	27	1
chr15	1742	1713	29	1
chr15	1773	1740	33	1
chr15	1821	1810	11	1
chr15	1822	1142	680	1
chr15	1822	1805	17	1
chr15	1822	1810	12	1
chr15	1822	1812	10	1
chr15	1831	911	920	1
chr15	1900	924	976	1
chr15	1955	180	1775	1
chr15	1955	1327	628	1
chr15	1956	922	1034	1
chr15	1956	924	1032	1
chr15	1956	925	1031	1
chr15	1957	925	1032	1
chr15	2075	328	1747	1
chr15	2117	246	1871	1
chr15	2132	951	1181	1
chr15	2159	816	1343	1
chr15	2159	1619	540	1
chr15	2194	864	1330	1
chr15	2196	2153	43	1
chr15	2211	2187	24	1
chr15	2221	1081	1140	1
chr15	2253	246	2007	1
chr15	2351	2336	15	1
chr15	2376	2364	12	1
chr15	2382	2365	17	1
chr15	2385	2365	20	1
chr15	2385	2366	19	1
chr15	2386	2364	22	1
chr15	2386	2365	21	1
chr15	2386	2371	15	1
chr15	2464	2110	354	1
chr15	2470	950	1520	1
chr15	2472	954	1518	1
chr15	2475	950	1525	1
chr15	2478	950	1528	1
chr15	2479	950	1529	1
chr15	2490	952	1538	1
chr15	2501	953	1548	1
chr15	2502	950	1552	1
chr15	2502	959	1543	1
chr15	2545	2534	11	1
chr15	2546	2527	19	1
chr15	2554	2438	116	1
chr16	160	140	20	1
chr16	160	142	18	1
chr16	430	275	155	1
chr16	626	601	25	1
chr16	627	609	18	1
chr16	755	120	635	1
chr16	755	125	630	1
chr16	777	765	12	1
chr16	780	765	15	1
chr16	784	765	19	1
chr16	784	766	18	1
chr16	784	767	17	1
chr16	785	767	18	1
chr16	786	762	24	1
chr16	820	547	273	1
chr16	1092	1056	36	1
chr16	1092	1057	35	1
chr16	1092	1058	34	1
chr16	1093	1064	29	1
chr16	1094	1056	38	1
chr16	1180	1158	22	1
chr16	1195	1157	38	1
chr16	1216	782	434	1
chr16	1216	799	417	1
chr16	1216	801	415	1
chr16	1386	1285	101	1
chr16	1400	1261	139	1
chr16	1402	743	659	1
chr16	1402	764	638	1
chr16	1402	786	616	1
chr16	1462	977	485	1
chr16	1466	967	499	1
chr16	1483	1011	472	1
chr16	1491	1486	5	1
chr16	1916	980	936	1
chr16	1917	980	937	1
chr16	1920	1892	28	1
chr16	2035	976	1059	1
chr16	2119	792	1327	1
chr16	2183	568	1615	1
chr16	2183	580	1603	1
chr16	2183	597	1586	1
chr16	2183	599	1584	1
chr16	2183	607	1576	1
chr16	2183	609	1574	1
chr16	2183	619	1564	1
chr16	2194	853	1341	1
chr16	2194	879	1315	1
chr16	2194	1266	928	1
chr16	2239	1398	841	1
chr16	2255	2248	7	1
chr16	2255	2249	6	1
chr16	2257	2186	71	1
chr16	2267	2260	7	1
chr16	2283	1101	1182	1
chr16	2305	834	1471	1
chr16	2305	876	1429	1
chr16	2329	2314	15	1
chr16	2331	2314	17	1
chr16	2333	2314	19	1
chr16	2345	2343	2	1
chr16	2350	1400	950	1
chr16	2350	1401	949	1
chr16	2350	1434	916	1
chr16	2362	1110	1252	1
chr16	2362	2349	13	1
chr16	2362	2350	12	1
chr16	2376	814	1562	1
chr16	2408	753	1655	1
chr16	2408	801	1607	1
chr16	2411	801	1610	1
chr16	2435	2411	24	1
chr16	2435	2418	17	1
chr16	2438	2411	27	1
chr17	229	221	8	1
chr17	272	250	22	1
chr17	272	253	19	1
chr17	277	248	29	1
chr17	277	252	25	1
chr17	282	230	52	1
chr17	282	252	30	1
chr17	303	231	72	1
chr17	304	238	66	1
chr17	308	256	52	1
chr17	309	238	71	1
chr17	309	256	53	1
chr17	313	239	74	1
chr17	313	256	57	1
chr17	313	271	42	1
chr17	314	238	76	1
chr17	314	239	75	1
chr17	314	256	58	1
chr17	325	245	80	1
chr17	325	250	75	1
chr17	325	256	69	1
chr17	325	270	55	1
chr17	325	272	53	1
chr17	425	400	25	1
chr17	427	399	28	1
chr17	427	400	27	1
chr17	531	456	75	1
chr17	593	567	26	1
chr17	689	685	4	1
chr17	877	622	255	1
chr17	877	631	246	1
chr17	877	632	245	1
chr17	878	615	263	1
chr17	878	622	256	1
chr17	878	623	255	1
chr17	878	624	254	1
chr17	880	631	249	1
chr17	881	622	259	1
chr17	881	631	250	1
chr17	916	78	838	1
chr17	934	925	9	1
chr17	1010	1001	9	1
chr17	1070	1037	33	1
chr17	1142	931	211	1
chr17	1173	621	552	1
chr17	1218	162	1056	1
chr17	1311	1249	62	1
chr17	1487	1023	464	1
chr17	1563	978	585	1
chr17	1590	1567	23	1
chr17	1593	1539	54	1
chr17	1649	1419	230	1
chr17	1700	967	733	1
chr17	1736	1706	30	1
chr17	1779	1082	697	1
chr17	1782	1082	700	1
chr17	1782	1143	639	1
chr17	1782	1146	636	1
chr17	1782	1164	618	1
chr17	1782	1171	611	1
chr17	1853	1830	23	1
chr17	1973	929	1044	1
chr17	1998	1153	845	1
chr17	2004	1213	791	1
chr17	2004	1219	785	1
chr17	2015	1153	862	1
chr17	2015	1174	841	1
chr17	2016	1782	234	1
chr17	2017	1780	237	1
chr17	2017	1782	235	1
chr17	2018	1782	236	1
chr17	2021	1782	239	1
chr17	2022	1782	240	1
chr17	2023	900	1123	1
chr17	2023	1782	241	1
chr17	2024	1782	242	1
chr17	2026	1193	833	1
chr17	2031	643	1388	1
chr17	2031	644	1387	1
chr17	2031	645	1386	1
chr17	2101	2026	75	1
chr17	2102	881	1221	1
chr17	2102	2022	80	1
chr17	2102	2026	76	1
chr17	2102	2031	71	1
chr17	2124	324	1800	1
chr17	2124	775	1349	1
chr17	2125	934	1191	1
chr17	2132	259	1873	1
chr17	2132	567	1565	1
chr17	2140	1875	265	1
chr17	2148	2139	9	1
chr17	2220	2020	200	1
chr17	2220	2022	198	1
chr17	2222	162	2060	1
chr17	2222	2022	200	1
chr17	2264	2252	12	1
chr17	2272	2252	20	1
chr17	2353	1252	1101	1
chr18	226	196	30	1
chr18	249	246	3	1
chr18	525	85	440	1
chr18	525	439	86	1
chr18	621	87	534	1
chr18	621	88	533	1
chr18	627	88	539	1
chr18	636	249	387	1
chr18	753	654	99	1
chr18	758	621	137	1
chr18	758	623	135	1
chr18	758	648	110	1
chr18	758	652	106	1
chr18	758	655	103	1
chr18	758	665	93	1
chr18	758	688	70	1
chr18	759	613	146	1
chr18	759	621	138	1
chr18	766	669	97	1
chr18	795	640	155	1
chr18	798	763	35	1
chr18	849	819	30	1
chr18	1059	1022	37	1
chr18	1123	1115	8	1
chr18	1243	1191	52	1
chr18	1248	152	1096	1
chr18	1419	198	1221	1
chr18	1420	596	824	1
chr18	1508	1483	25	1
chr18	1612	1601	11	1
chr18	1645	1120	525	1
chr18	1645	1121	524	1
chr18	1747	1703	44	1
chr18	1848	1775	73	1
chr18	1859	1698	161	1
chr18	1908	1898	10	1
chr18	1910	1883	27	1
chr18	1928	1914	14	1
chr18	2003	1967	36	1
chr18	2071	90	1981	1
chr18	2223	2040	183	1
chr18	2254	2048	206	1
chr19	247	231	16	1
chr19	292	282	10	1
chr19	574	553	21	1
chr19	618	610	8	1
chr19	619	610	9	1
chr19	624	610	14	1
chr19	706	688	18	1
chr19	720	706	14	1
chr19	720	707	13	1
chr19	813	805	8	1
chr19	814	805	9	1
chr19	1004	978	26	1
chr19	1006	978	28	1
chr19	1007	977	30	1
chr19	1007	978	29	1
chr19	1088	1073	15	1
chr19	1104	1037	67	1
chr19	1159	1155	4	1
chr19	1183	926	257	1
chr19	1378	1361	17	1
chr19	1378	1362	16	1
chr19	1379	1352	27	1
chr19	1379	1354	25	1
chr19	1379	1358	21	1
chr19	1379	1359	20	1
chr19	1379	1361	18	1
chr19	1384	1354	30	1
chr19	1392	1026	366	1
chr19	1392	1197	195	1
chr19	1394	1197	197	1
chr19	1401	1354	47	1
chr19	1407	1026	381	1
chr19	1407	1352	55	1
chr19	1407	1354	53	1
chr19	1439	1026	413	1
chr19	1506	1489	17	1
chr19	1519	1486	33	1
chr19	1521	1486	35	1
chr19	1522	1421	101	1
chr2	144	124	20	1
chr2	144	126	18	1
chr2	146	125	21	1
chr2	146	126	20	1
chr2	234	149	85	1
chr2	238	168	70	1
chr2	248	147	101	1
chr2	249	149	100	1
chr2	254	130	124	1
chr2	260	103	157	1
chr2	281	125	156	1
chr2	285	125	160	1
chr2	285	126	159	1
chr2	285	127	158	1
chr2	285	128	157	1
chr2	285	129	156	1
chr2	285	130	155	1
chr2	285	133	152	1
chr2	285	145	140	1
chr2	285	146	139	1
chr2	286	125	161	1
chr2	286	126	160	1
chr2	286	127	159	1
chr2	286	130	156	1
chr2	286	146	140	1
chr2	287	88	199	1
chr2	287	130	157	1
chr2	287	145	142	1
chr2	287	146	141	1
chr2	287	147	140	1
chr2	287	148	139	1
chr2	294	164	130	1
chr2	311	244	67	1
chr2	367	330	37	1
chr2	403	391	12	1
chr2	403	395	8	1
chr2	404	395	9	1
chr2	433	267	166	1
chr2	434	271	163	1
chr2	434	273	161	1
chr2	453	287	166	1
chr2	464	113	351	1
chr2	467	439	28	1
chr2	468	439	29	1
chr2	469	215	254	1
chr2	469	287	182	1
chr2	473	113	360	1
chr2	473	150	323	1
chr2	476	124	352	1
chr2	476	125	351	1
chr2	476	127	349	1
chr2	476	148	328	1
chr2	512	115	397	1
chr2	516	434	82	1
chr2	517	438	79	1
chr2	518	133	385	1
chr2	518	161	357	1
chr2	518	504	14	1
chr2	520	115	405	1
chr2	520	290	230	1
chr2	562	548	14	1
chr2	571	116	455	1
chr2	571	126	445	1
chr2	571	130	441	1
chr2	571	132	439	1
chr2	571	287	284	1
chr2	571	524	47	1
chr2	572	116	456	1
chr2	572	480	92	1
chr2	573	116	457	1
chr2	573	122	451	1
chr2	575	478	97	1
chr2	577	116	461	1
chr2	577	117	460	1
chr2	577	478	99	1
chr2	597	149	448	1
chr2	607	521	86	1
chr2	614	521	93	1
chr2	614	535	79	1
chr2	614	607	7	1
chr2	615	132	483	1
chr2	615	521	94	1
chr2	615	607	8	1
chr2	855	126	729	1
chr2	929	905	24	1
chr2	929	906	23	1
chr2	932	905	27	1
chr2	1219	1201	18	1
chr2	1227	1121	106	1
chr2	1259	1110	149	1
chr2	1324	1317	7	1
chr2	1620	206	1414	1
chr2	1732	484	1248	1
chr2	1835	773	1062	1
chr2	1835	774	1061	1
chr2	1835	775	1060	1
chr2	1845	1319	526	1
chr2	1850	775	1075	1
chr2	1850	1319	531	1
chr2	1850	1320	530	1
chr2	1858	1320	538	1
chr2	1859	890	969	1
chr2	1859	1848	11	1
chr2	1860	890	970	1
chr2	1860	936	924	1
chr2	1860	938	922	1
chr2	1860	1834	26	1
chr2	1861	1848	13	1
chr2	1861	1855	6	1
chr2	1862	1854	8	1
chr2	1863	1319	544	1
chr2	1887	879	1008	1
chr2	2116	1542	574	1
chr2	2116	1545	571	1
chr2	2258	2190	68	1
chr2	2293	122	2171	1
chr2	2293	126	2167	1
chr2	2298	571	1727	1
chr2	2302	1894	408	1
chr2	2302	1896	406	1
chr2	2302	2114	188	1
chr2	2350	2114	236	1
chr2	2377	307	2070	1
chr2	2397	460	1937	1
chr2	2405	469	1936	1
chr2	2409	2377	32	1
chr2	2410	2377	33	1
chr2	2455	81	2374	1
chr2	2455	519	1936	1
chr2	2455	571	1884	1
chr2	2455	684	1771	1
chr2	2693	2671	22	1
chr2	2693	2676	17	1
chr2	2719	2696	23	1
chr2	2739	2718	21	1
chr2	2739	2729	10	1
chr2	2828	2817	11	1
chr2	2899	2883	16	1
chr2	2899	2885	14	1
chr2	2941	2109	832	1
chr2	2946	978	1968	1
chr2	2985	448	2537	1
chr2	2985	2455	530	1
chr2	2986	139	2847	1
chr2	3021	2543	478	1
chr2	3024	125	2899	1
chr2	3026	2455	571	1
chr2	3028	2612	416	1
chr2	3147	634	2513	1
chr2	3206	3193	13	1
chr2	3206	3199	7	1
chr2	3209	3193	16	1
chr2	3223	1804	1419	1
chr2	3228	836	2392	1
chr2	3307	1904	1403	1
chr2	3659	2455	1204	1
chr2	3759	3732	27	1
chr2	3797	2994	803	1
chr2	3805	3174	631	1
chr2	3806	3173	633	1
chr2	3806	3174	632	1
chr2	3809	2974	835	1
chr2	3810	2265	1545	1
chr2	3816	2982	834	1
chr2	3831	684	3147	1
chr2	3831	1898	1933	1
chr2	3831	2265	1566	1
chr2	3857	1740	2117	1
chr2	3857	1769	2088	1
chr2	3858	3226	632	1
chr2	3859	3227	632	1
chr2	3872	2974	898	1
chr2	3872	2976	896	1
chr2	3874	1740	2134	1
chr2	3885	3227	658	1
chr2	3902	1808	2094	1
chr2	3902	1821	2081	1
chr2	3903	2987	916	1
chr2	3907	3193	714	1
chr2	3911	3009	902	1
chr2	3911	3171	740	1
chr2	3911	3192	719	1
chr2	3911	3193	718	1
chr2	3911	3201	710	1
chr2	3912	3193	719	1
chr2	3913	3192	721	1
chr2	3913	3193	720	1
chr2	3913	3208	705	1
chr2	3915	3193	722	1
chr2	3915	3194	721	1
chr2	3915	3203	712	1
chr2	3916	3196	720	1
chr2	3916	3201	715	1
chr2	3916	3203	713	1
chr2	3917	3205	712	1
chr2	3919	3216	703	1
chr2	3933	3171	762	1
chr2	3947	3937	10	1
chr2	3957	3173	784	1
chr2	3957	3259	698	1
chr2	3959	3173	786	1
chr2	4011	3968	43	1
chr2	4018	3961	57	1
chr2	4049	4027	22	1
chr2	4059	4026	33	1
chr2	4113	3163	950	1
chr2	4114	3163	951	1
chr2	4114	3176	938	1
chr2	4114	3226	888	1
chr2	4114	3859	255	1
chr2	4141	3173	968	1
chr2	4141	3175	966	1
chr2	4146	2302	1844	1
chr2	4147	2302	1845	1
chr2	4148	2310	1838	1
chr2	4149	1793	2356	1
chr2	4149	2275	1874	1
chr2	4152	2275	1877	1
chr2	4154	2275	1879	1
chr2	4154	2302	1852	1
chr2	4155	1793	2362	1
chr2	4157	1793	2364	1
chr2	4165	1783	2382	1
chr2	4169	3229	940	1
chr2	4172	742	3430	1
chr2	4173	1792	2381	1
chr2	4174	1783	2391	1
chr2	4174	1792	2382	1
chr2	4177	1792	2385	1
chr2	4182	573	3609	1
chr2	4218	751	3467	1
chr2	4247	4222	25	1
chr2	4267	4025	242	1
chr2	4300	4263	37	1
chr2	4300	4265	35	1
chr2	4300	4267	33	1
chr2	4300	4281	19	1
chr2	4307	4261	46	1
chr2	4332	4326	6	1
chr2	4333	4324	9	1
chr2	4344	2985	1359	1
chr2	4344	2986	1358	1
chr2	4367	4354	13	1
chr2	4368	4354	14	1
chr2	4369	4354	15	1
chr2	4370	3802	568	1
chr2	4428	4370	58	1
chr2	4449	3383	1066	1
chr2	4467	802	3665	1
chr2	4491	3039	1452	1
chr2	4492	2275	2217	1
chr2	4497	3257	1240	1
chr2	4501	3901	600	1
chr2	4507	1849	2658	1
chr2	4507	2298	2209	1
chr2	4507	3039	1468	1
chr2	4507	3045	1462	1
chr2	4508	2274	2234	1
chr2	4508	2275	2233	1
chr2	4508	2298	2210	1
chr2	4508	3043	1465	1
chr2	4509	3226	1283	1
chr2	4512	3226	1286	1
chr2	4521	3254	1267	1
chr2	4532	684	3848	1
chr2	4532	3825	707	1
chr2	4532	3831	701	1
chr2	4534	3257	1277	1
chr3	123	122	1	1
chr3	153	120	33	1
chr3	243	235	8	1
chr3	244	235	9	1
chr3	245	235	10	1
chr3	382	351	31	1
chr3	382	359	23	1
chr3	382	370	12	1
chr3	443	410	33	1
chr3	476	452	24	1
chr3	636	207	429	1
chr3	637	207	430	1
chr3	678	234	444	1
chr3	678	239	439	1
chr3	710	210	500	1
chr3	885	863	22	1
chr3	886	863	23	1
chr3	887	861	26	1
chr3	1253	1230	23	1
chr3	1254	1220	34	1
chr3	1255	1220	35	1
chr3	1274	1212	62	1
chr3	1318	1304	14	1
chr3	1420	1396	24	1
chr3	1425	1397	28	1
chr3	1426	1385	41	1
chr3	1498	1473	25	1
chr3	1500	1473	27	1
chr3	1593	1585	8	1
chr3	1636	287	1349	1
chr3	1644	286	1358	1
chr3	1644	287	1357	1
chr3	1644	1630	14	1
chr3	1644	1632	12	1
chr3	1713	1710	3	1
chr3	1811	1746	65	1
chr3	1812	1746	66	1
chr3	1813	1746	67	1
chr3	1814	1745	69	1
chr3	1814	1746	68	1
chr3	1816	1746	70	1
chr3	1816	1748	68	1
chr3	1817	1741	76	1
chr3	1817	1746	71	1
chr3	1817	1748	69	1
chr3	1820	1741	79	1
chr3	1820	1746	74	1
chr3	1822	1746	76	1
chr3	1823	1746	77	1
chr3	1873	1824	49	1
chr3	1932	1898	34	1
chr3	1962	1897	65	1
chr3	1963	1897	66	1
chr3	1966	1897	69	1
chr3	1967	1895	72	1
chr3	1967	1897	70	1
chr3	1968	1897	71	1
chr3	1971	1897	74	1
chr3	2023	215	1808	1
chr3	2023	1655	368	1
chr3	2026	219	1807	1
chr3	2026	230	1796	1
chr3	2042	1997	45	1
chr3	2043	1997	46	1
chr3	2043	1998	45	1
chr3	2108	1037	1071	1
chr3	2166	1577	589	1
chr3	2168	1040	1128	1
chr3	2168	1577	591	1
chr3	2187	1719	468	1
chr3	2280	308	1972	1
chr3	2296	2266	30	1
chr3	2528	2520	8	1
chr3	2534	230	2304	1
chr3	2536	149	2387	1
chr3	2536	212	2324	1
chr3	2536	223	2313	1
chr3	2558	119	2439	1
chr3	2563	2551	12	1
chr3	2565	199	2366	1
chr3	2569	2388	181	1
chr3	2570	1717	853	1
chr3	2570	2388	182	1
chr3	2574	207	2367	1
chr3	2574	2209	365	1
chr3	2694	1301	1393	1
chr3	2702	1952	750	1
chr3	2702	2369	333	1
chr3	2704	1342	1362	1
chr3	2704	1345	1359	1
chr3	2733	207	2526	1
chr3	2733	226	2507	1
chr3	2733	636	2097	1
chr3	2733	637	2096	1
chr3	2733	2404	329	1
chr3	2907	2716	191	1
chr3	2908	2256	652	1
chr3	2908	2569	339	1
chr3	2909	207	2702	1
chr3	2909	2256	653	1
chr3	2912	2906	6	1
chr3	3028	2702	326	1
chr3	3038	2427	611	1
chr3	3038	2595	443	1
chr3	3038	2698	340	1
chr3	3038	2699	339	1
chr3	3038	2712	326	1
chr3	3040	2698	342	1
chr3	3043	2617	426	1
chr3	3046	3042	4	1
chr3	3048	2702	346	1
chr3	3049	2702	347	1
chr3	3055	3051	4	1
chr3	3057	2712	345	1
chr3	3070	3059	11	1
chr3	3071	3052	19	1
chr3	3074	2712	362	1
chr3	3076	2712	364	1
chr3	3076	2908	168	1
chr3	3076	3074	2	1
chr3	3078	2712	366	1
chr3	3078	2824	254	1
chr3	3204	638	2566	1
chr3	3226	200	3026	1
chr3	3231	1697	1534	1
chr3	3238	3178	60	1
chr3	3238	3226	12	1
chr3	3272	2546	726	1
chr3	3272	2552	720	1
chr3	3272	2572	700	1
chr3	3272	2698	574	1
chr3	3380	2698	682	1
chr3	3382	419	2963	1
chr3	3384	2698	686	1
chr3	3438	2574	864	1
chr3	3440	207	3233	1
chr3	3443	1717	1726	1
chr3	3443	1718	1725	1
chr3	3446	2549	897	1
chr3	3448	1716	1732	1
chr3	3454	1645	1809	1
chr3	3454	2698	756	1
chr3	3455	2698	757	1
chr3	3461	3459	2	1
chr3	3468	1717	1751	1
chr3	3468	1723	1745	1
chr3	3535	3531	4	1
chr3	3550	1636	1914	1
chr3	3550	3059	491	1
chr3	3554	2595	959	1
chr3	3556	3036	520	1
chr3	3559	3272	287	1
chr3	3561	2911	650	1
chr3	3561	3033	528	1
chr3	3561	3075	486	1
chr3	3561	3464	97	1
chr3	3562	2704	858	1
chr3	3562	2705	857	1
chr3	3562	2706	856	1
chr3	3562	3075	487	1
chr3	3573	2686	887	1
chr3	3597	1883	1714	1
chr3	3598	2686	912	1
chr3	3602	2574	1028	1
chr3	3602	2688	914	1
chr3	3606	2688	918	1
chr3	3607	2688	919	1
chr3	3607	3033	574	1
chr3	3608	2688	920	1
chr3	3642	1971	1671	1
chr3	3661	1433	2228	1
chr3	3661	2697	964	1
chr3	3687	2521	1166	1
chr3	3720	1485	2235	1
chr3	3738	1013	2725	1
chr3	3780	181	3599	1
chr3	3780	3473	307	1
chr3	3785	3657	128	1
chr3	3799	3206	593	1
chr3	3802	2411	1391	1
chr3	3802	2412	1390	1
chr3	3802	2413	1389	1
chr3	3802	2414	1388	1
chr3	3804	2908	896	1
chr3	3805	2908	897	1
chr3	3809	2697	1112	1
chr3	3809	3561	248	1
chr3	3810	1914	1896	1
chr3	3810	2908	902	1
chr3	3812	2560	1252	1
chr3	3814	3075	739	1
chr3	3815	1914	1901	1
chr3	3816	1914	1902	1
chr3	3816	2910	906	1
chr3	3816	3055	761	1
chr3	3821	1992	1829	1
chr3	3821	1994	1827	1
chr3	3821	2552	1269	1
chr3	3823	2552	1271	1
chr3	3823	2553	1270	1
chr3	3824	2361	1463	1
chr3	3825	1895	1930	1
chr3	3825	1898	1927	1
chr3	3825	1914	1911	1
chr3	3825	2552	1273	1
chr3	3830	1895	1935	1
chr3	3830	2712	1118	1
chr3	3835	1894	1941	1
chr3	3835	2558	1277	1
chr3	3836	1883	1953	1
chr3	3836	1895	1941	1
chr3	3838	1894	1944	1
chr3	3838	1895	1943	1
chr3	3840	2413	1427	1
chr3	3841	2574	1267	1
chr3	3842	2908	934	1
chr3	3842	2909	933	1
chr3	3845	2906	939	1
chr3	3845	2909	936	1
chr3	3845	2915	930	1
chr3	3848	2906	942	1
chr3	3848	2915	933	1
chr3	3850	2915	935	1
chr3	3870	1889	1981	1
chr3	3870	1890	1980	1
chr3	3905	3857	48	1
chr3	3940	3797	143	1
chr3	3943	3797	146	1
chr3	3945	2759	1186	1
chr3	3979	3252	727	1
chr4	200	161	39	1
chr4	335	306	29	1
chr4	335	312	23	1
chr4	335	314	21	1
chr4	338	312	26	1
chr4	343	313	30	1
chr4	343	314	29	1
chr4	344	313	31	1
chr4	474	270	204	1
chr4	482	406	76	1
chr4	486	398	88	1
chr4	869	226	643	1
chr4	873	76	797	1
chr4	873	80	793	1
chr4	882	210	672	1
chr4	884	112	772	1
chr4	885	112	773	1
chr4	893	112	781	1
chr4	896	122	774	1
chr4	990	883	107	1
chr4	1107	831	276	1
chr4	1211	1188	23	1
chr4	1354	277	1077	1
chr4	1385	834	551	1
chr4	1385	836	549	1
chr4	1426	831	595	1
chr4	1426	834	592	1
chr4	1426	835	591	1
chr4	1430	1208	222	1
chr4	1446	1204	242	1
chr4	1531	1502	29	1
chr4	1531	1503	28	1
chr4	1531	1512	19	1
chr4	1532	1504	28	1
chr4	1537	1503	34	1
chr4	1538	1503	35	1
chr4	1689	1655	34	1
chr4	1959	1895	64	1
chr4	2107	2094	13	1
chr4	2110	2088	22	1
chr4	2111	2087	24	1
chr4	2114	2087	27	1
chr4	2120	2094	26	1
chr4	2120	2096	24	1
chr4	2435	1377	1058	1
chr4	2516	1095	1421	1
chr4	2516	1098	1418	1
chr4	2516	1099	1417	1
chr4	2517	2473	44	1
chr4	2517	2495	22	1
chr4	2517	2501	16	1
chr4	2517	2507	10	1
chr4	2517	2510	7	1
chr4	2517	2511	6	1
chr4	2521	2473	48	1
chr4	2543	2529	14	1
chr4	2571	1326	1245	1
chr4	2644	2626	18	1
chr4	2667	1427	1240	1
chr4	2700	2048	652	1
chr4	2721	2715	6	1
chr4	2734	2004	730	1
chr4	2775	2741	34	1
chr4	2775	2742	33	1
chr4	2775	2743	32	1
chr4	2777	2742	35	1
chr4	2780	2743	37	1
chr4	2846	2791	55	1
chr4	2847	2790	57	1
chr4	2850	2791	59	1
chr4	2850	2792	58	1
chr4	2852	2792	60	1
chr4	2872	1214	1658	1
chr4	2883	2718	165	1
chr4	2920	1554	1366	1
chr4	2960	1552	1408	1
chr4	2962	1442	1520	1
chr4	2965	2958	7	1
chr4	2965	2962	3	1
chr4	2967	2958	9	1
chr4	2967	2959	8	1
chr4	2970	2967	3	1
chr4	2971	2958	13	1
chr4	2971	2967	4	1
chr4	2972	2958	14	1
chr4	2972	2967	5	1
chr4	2973	2958	15	1
chr4	2973	2967	6	1
chr4	3057	3023	34	1
chr4	3092	278	2814	1
chr4	3135	1165	1970	1
chr4	3140	3121	19	1
chr4	3140	3122	18	1
chr4	3140	3126	14	1
chr4	3141	3121	20	1
chr4	3141	3122	19	1
chr4	3147	1165	1982	1
chr4	3147	1426	1721	1
chr4	3156	1439	1717	1
chr4	3164	1145	2019	1
chr4	3187	3180	7	1
chr4	3197	3183	14	1
chr4	3214	284	2930	1
chr4	3222	1380	1842	1
chr4	3222	3140	82	1
chr4	3231	1165	2066	1
chr4	3233	1139	2094	1
chr4	3244	1380	1864	1
chr4	3245	1165	2080	1
chr4	3245	1380	1865	1
chr4	3249	1165	2084	1
chr4	3249	1380	1869	1
chr4	3251	1020	2231	1
chr4	3251	1102	2149	1
chr4	3258	1114	2144	1
chr4	3258	1440	1818	1
chr4	3259	1088	2171	1
chr4	3262	1088	2174	1
chr4	3265	1109	2156	1
chr4	3284	1122	2162	1
chr4	3285	3271	14	1
chr4	3285	3274	11	1
chr4	3333	3134	199	1
chr4	3372	1040	2332	1
chr4	3384	1351	2033	1
chr4	3446	1320	2126	1
chr4	3447	3327	120	1
chr4	3449	2659	790	1
chr4	3451	1131	2320	1
chr4	3461	3113	348	1
chr4	3465	1161	2304	1
chr4	3469	1137	2332	1
chr4	3469	1380	2089	1
chr4	3474	3141	333	1
chr4	3486	2073	1413	1
chr4	3501	3487	14	1
chr4	3514	3151	363	1
chr4	3574	3538	36	1
chr4	3588	3565	23	1
chr4	3588	3576	12	1
chr4	3588	3577	11	1
chr4	3598	3591	7	1
chr4	3600	3565	35	1
chr4	3625	873	2752	1
chr4	3625	2073	1552	1
chr4	3625	2076	1549	1
chr4	3625	2077	1548	1
chr4	3625	2079	1546	1
chr4	3625	2080	1545	1
chr4	3625	2082	1543	1
chr4	3625	2754	871	1
chr4	3626	80	3546	1
chr4	3626	873	2753	1
chr4	3626	2073	1553	1
chr4	3626	2079	1547	1
chr4	3626	2892	734	1
chr4	3626	2894	732	1
chr4	3626	2895	731	1
chr4	3627	873	2754	1
chr4	3627	2947	680	1
chr4	3628	873	2755	1
chr4	3628	1118	2510	1
chr4	3628	2073	1555	1
chr4	3628	2075	1553	1
chr4	3628	2079	1549	1
chr4	3629	80	3549	1
chr4	3629	873	2756	1
chr4	3629	2073	1556	1
chr4	3629	3626	3	1
chr4	3630	873	2757	1
chr4	3630	2073	1557	1
chr4	3630	2075	1555	1
chr4	3630	2079	1551	1
chr4	3630	3626	4	1
chr4	3632	873	2759	1
chr4	3632	1140	2492	1
chr4	3632	1141	2491	1
chr4	3632	2073	1559	1
chr4	3632	2074	1558	1
chr4	3632	2075	1557	1
chr4	3632	2077	1555	1
chr4	3632	2079	1553	1
chr4	3632	2903	729	1
chr4	3632	3491	141	1
chr4	3642	3626	16	1
chr4	3643	76	3567	1
chr4	3643	80	3563	1
chr4	3643	873	2770	1
chr4	3643	2073	1570	1
chr4	3643	2075	1568	1
chr4	3643	2079	1564	1
chr4	3643	3626	17	1
chr4	3643	3629	14	1
chr4	3643	3630	13	1
chr4	3644	76	3568	1
chr4	3644	80	3564	1
chr4	3644	873	2771	1
chr4	3644	2073	1571	1
chr4	3644	2077	1567	1
chr4	3644	3625	19	1
chr4	3644	3626	18	1
chr4	3644	3627	17	1
chr4	3644	3628	16	1
chr4	3644	3629	15	1
chr4	3644	3630	14	1
chr4	3644	3632	12	1
chr4	3645	873	2772	1
chr4	3645	3626	19	1
chr4	3651	76	3575	1
chr4	3651	80	3571	1
chr4	3651	873	2778	1
chr4	3651	2699	952	1
chr4	3651	3625	26	1
chr4	3651	3626	25	1
chr4	3651	3627	24	1
chr4	3651	3628	23	1
chr4	3651	3629	22	1
chr4	3651	3630	21	1
chr4	3651	3643	8	1
chr4	3651	3644	7	1
chr4	3654	873	2781	1
chr4	3654	2073	1581	1
chr4	3654	3625	29	1
chr4	3654	3626	28	1
chr4	3654	3627	27	1
chr4	3654	3628	26	1
chr4	3654	3629	25	1
chr4	3654	3630	24	1
chr4	3654	3632	22	1
chr4	3654	3643	11	1
chr4	3659	873	2786	1
chr4	3659	3115	544	1
chr4	3659	3625	34	1
chr4	3659	3626	33	1
chr4	3659	3627	32	1
chr4	3659	3628	31	1
chr4	3659	3629	30	1
chr4	3659	3630	29	1
chr4	3659	3632	27	1
chr4	3661	3047	614	1
chr4	3666	76	3590	1
chr4	3666	873	2793	1
chr4	3666	2073	1593	1
chr4	3666	2075	1591	1
chr4	3666	2077	1589	1
chr4	3666	2079	1587	1
chr4	3666	3114	552	1
chr4	3666	3332	334	1
chr4	3666	3625	41	1
chr4	3666	3626	40	1
chr4	3666	3627	39	1
chr4	3666	3628	38	1
chr4	3666	3629	37	1
chr4	3666	3630	36	1
chr4	3666	3631	35	1
chr4	3666	3632	34	1
chr4	3666	3642	24	1
chr4	3666	3643	23	1
chr4	3666	3644	22	1
chr4	3666	3645	21	1
chr4	3667	873	2794	1
chr4	3667	3625	42	1
chr4	3667	3626	41	1
chr4	3667	3627	40	1
chr4	3667	3628	39	1
chr4	3667	3629	38	1
chr4	3667	3630	37	1
chr4	3667	3632	35	1
chr4	3667	3643	24	1
chr4	3667	3644	23	1
chr4	3667	3645	22	1
chr4	3667	3654	13	1
chr4	3668	873	2795	1
chr4	3668	2872	796	1
chr4	3668	2900	768	1
chr4	3668	2969	699	1
chr4	3668	2975	693	1
chr4	3668	3086	582	1
chr4	3668	3098	570	1
chr4	3668	3103	565	1
chr4	3668	3258	410	1
chr4	3668	3259	409	1
chr4	3668	3625	43	1
chr4	3668	3626	42	1
chr4	3668	3627	41	1
chr4	3668	3628	40	1
chr4	3668	3629	39	1
chr4	3668	3630	38	1
chr4	3668	3632	36	1
chr4	3668	3643	25	1
chr4	3668	3644	24	1
chr4	3668	3654	14	1
chr4	3670	80	3590	1
chr4	3670	873	2797	1
chr4	3670	2073	1597	1
chr4	3670	2894	776	1
chr4	3670	2968	702	1
chr4	3670	3258	412	1
chr4	3670	3625	45	1
chr4	3670	3626	44	1
chr4	3670	3627	43	1
chr4	3670	3628	42	1
chr4	3670	3629	41	1
chr4	3670	3630	40	1
chr4	3670	3632	38	1
chr4	3670	3642	28	1
chr4	3670	3643	27	1
chr4	3670	3644	26	1
chr4	3670	3645	25	1
chr4	3670	3651	19	1
chr4	3670	3654	16	1
chr4	3671	80	3591	1
chr4	3671	873	2798	1
chr4	3671	2073	1598	1
chr4	3671	2075	1596	1
chr4	3671	3625	46	1
chr4	3671	3626	45	1
chr4	3671	3627	44	1
chr4	3671	3628	43	1
chr4	3671	3629	42	1
chr4	3671	3630	41	1
chr4	3671	3631	40	1
chr4	3671	3632	39	1
chr4	3671	3642	29	1
chr4	3671	3643	28	1
chr4	3671	3644	27	1
chr4	3671	3645	26	1
chr4	3671	3651	20	1
chr4	3671	3654	17	1
chr4	3671	3666	5	1
chr4	3671	3670	1	1
chr4	3672	80	3592	1
chr4	3672	873	2799	1
chr4	3672	1552	2120	1
chr4	3672	2073	1599	1
chr4	3672	2075	1597	1
chr4	3672	2076	1596	1
chr4	3672	3625	47	1
chr4	3672	3626	46	1
chr4	3672	3627	45	1
chr4	3672	3628	44	1
chr4	3672	3629	43	1
chr4	3672	3630	42	1
chr4	3672	3632	40	1
chr4	3672	3642	30	1
chr4	3672	3643	29	1
chr4	3672	3644	28	1
chr4	3672	3645	27	1
chr4	3672	3651	21	1
chr4	3672	3654	18	1
chr4	3673	76	3597	1
chr4	3673	80	3593	1
chr4	3673	873	2800	1
chr4	3673	2073	1600	1
chr4	3673	2079	1594	1
chr4	3673	3625	48	1
chr4	3673	3626	47	1
chr4	3673	3627	46	1
chr4	3673	3628	45	1
chr4	3673	3629	44	1
chr4	3673	3630	43	1
chr4	3673	3632	41	1
chr4	3673	3642	31	1
chr4	3673	3643	30	1
chr4	3673	3644	29	1
chr4	3673	3645	28	1
chr4	3673	3651	22	1
chr4	3673	3666	7	1
chr4	3673	3670	3	1
chr4	3673	3671	2	1
chr4	3674	80	3594	1
chr4	3674	873	2801	1
chr4	3674	1992	1682	1
chr4	3674	3258	416	1
chr4	3674	3625	49	1
chr4	3674	3626	48	1
chr4	3674	3627	47	1
chr4	3674	3628	46	1
chr4	3674	3629	45	1
chr4	3674	3630	44	1
chr4	3674	3631	43	1
chr4	3674	3632	42	1
chr4	3674	3642	32	1
chr4	3674	3643	31	1
chr4	3674	3644	30	1
chr4	3674	3645	29	1
chr4	3674	3651	23	1
chr4	3674	3654	20	1
chr4	3674	3659	15	1
chr4	3675	80	3595	1
chr4	3675	873	2802	1
chr4	3675	3625	50	1
chr4	3675	3626	49	1
chr4	3675	3627	48	1
chr4	3675	3628	47	1
chr4	3675	3629	46	1
chr4	3675	3630	45	1
chr4	3675	3632	43	1
chr4	3675	3642	33	1
chr4	3675	3643	32	1
chr4	3675	3644	31	1
chr4	3675	3645	30	1
chr4	3675	3651	24	1
chr4	3675	3654	21	1
chr4	3679	80	3599	1
chr4	3679	873	2806	1
chr4	3679	2073	1606	1
chr4	3679	3625	54	1
chr4	3679	3626	53	1
chr4	3679	3627	52	1
chr4	3679	3628	51	1
chr4	3679	3629	50	1
chr4	3679	3630	49	1
chr4	3679	3631	48	1
chr4	3679	3632	47	1
chr4	3679	3642	37	1
chr4	3679	3643	36	1
chr4	3679	3644	35	1
chr4	3679	3645	34	1
chr4	3679	3651	28	1
chr4	3679	3654	25	1
chr4	3679	3659	20	1
chr4	3679	3666	13	1
chr4	3680	873	2807	1
chr4	3680	2968	712	1
chr4	3680	2969	711	1
chr4	3680	3256	424	1
chr4	3680	3469	211	1
chr4	3680	3492	188	1
chr4	3680	3625	55	1
chr4	3680	3626	54	1
chr4	3680	3627	53	1
chr4	3680	3628	52	1
chr4	3680	3629	51	1
chr4	3680	3630	50	1
chr4	3680	3632	48	1
chr4	3680	3642	38	1
chr4	3680	3643	37	1
chr4	3680	3644	36	1
chr4	3680	3645	35	1
chr4	3680	3651	29	1
chr4	3680	3659	21	1
chr4	3680	3671	9	1
chr4	3717	284	3433	1
chr4	3717	288	3429	1
chr4	3719	3364	355	1
chr4	3720	3093	627	1
chr4	3722	284	3438	1
chr4	3730	3222	508	1
chr4	3730	3223	507	1
chr4	3741	3305	436	1
chr4	3746	3744	2	1
chr4	3751	3742	9	1
chr4	3789	3090	699	1
chr4	3832	3751	81	1
chr4	3850	2733	1117	1
chr4	3862	3626	236	1
chr4	3862	3643	219	1
chr4	3862	3670	192	1
chr4	3862	3672	190	1
chr4	3865	3630	235	1
chr4	3877	3668	209	1
chr4	3877	3674	203	1
chr4	3886	3666	220	1
chr5	175	150	25	1
chr5	185	144	41	1
chr5	187	144	43	1
chr5	195	149	46	1
chr5	196	149	47	1
chr5	197	140	57	1
chr5	200	140	60	1
chr5	376	374	2	1
chr5	379	166	213	1
chr5	379	374	5	1
chr5	380	374	6	1
chr5	469	450	19	1
chr5	469	451	18	1
chr5	470	450	20	1
chr5	497	115	382	1
chr5	503	453	50	1
chr5	504	451	53	1
chr5	504	453	51	1
chr5	504	477	27	1
chr5	505	484	21	1
chr5	508	454	54	1
chr5	509	432	77	1
chr5	509	454	55	1
chr5	510	454	56	1
chr5	525	381	144	1
chr5	659	623	36	1
chr5	659	624	35	1
chr5	659	630	29	1
chr5	659	632	27	1
chr5	659	633	26	1
chr5	660	381	279	1
chr5	661	630	31	1
chr5	661	633	28	1
chr5	661	659	2	1
chr5	685	661	24	1
chr5	741	720	21	1
chr5	741	721	20	1
chr5	813	798	15	1
chr5	832	379	453	1
chr5	885	879	6	1
chr5	953	945	8	1
chr5	954	945	9	1
chr5	1064	450	614	1
chr5	1073	101	972	1
chr5	1088	1056	32	1
chr5	1092	1057	35	1
chr5	1094	1064	30	1
chr5	1095	1056	39	1
chr5	1095	1062	33	1
chr5	1095	1064	31	1
chr5	1095	1074	21	1
chr5	1097	1057	40	1
chr5	1333	974	359	1
chr5	1343	595	748	1
chr5	1351	595	756	1
chr5	1352	595	757	1
chr5	1411	1363	48	1
chr5	1426	1374	52	1
chr5	1426	1378	48	1
chr5	1437	1372	65	1
chr5	1444	1359	85	1
chr5	1445	1379	66	1
chr5	1586	1372	214	1
chr5	1615	674	941	1
chr5	1652	850	802	1
chr5	1655	595	1060	1
chr5	1804	1716	88	1
chr5	1804	1719	85	1
chr5	1811	1716	95	1
chr5	1835	1726	109	1
chr5	1837	1710	127	1
chr5	1839	1699	140	1
chr5	1840	1689	151	1
chr5	1840	1702	138	1
chr5	1841	1314	527	1
chr5	1857	1655	202	1
chr5	1862	1658	204	1
chr5	1862	1659	203	1
chr5	1862	1660	202	1
chr5	1877	769	1108	1
chr5	1885	1856	29	1
chr5	1891	1856	35	1
chr5	1896	1100	796	1
chr5	1903	1635	268	1
chr5	1904	1856	48	1
chr5	1912	1907	5	1
chr5	1914	1907	7	1
chr5	1918	1691	227	1
chr5	1921	1856	65	1
chr5	1921	1907	14	1
chr5	1922	1345	577	1
chr5	1925	1693	232	1
chr5	1925	1694	231	1
chr5	1925	1855	70	1
chr5	1927	754	1173	1
chr5	1934	1346	588	1
chr5	1944	1698	246	1
chr5	1945	1616	329	1
chr5	2016	1864	152	1
chr5	2208	1826	382	1
chr5	2226	2182	44	1
chr5	2227	2182	45	1
chr5	2301	1082	1219	1
chr5	2312	864	1448	1
chr5	2313	379	1934	1
chr5	2313	1826	487	1
chr5	2313	1944	369	1
chr5	2334	1919	415	1
chr5	2387	296	2091	1
chr5	2420	1847	573	1
chr5	2433	1360	1073	1
chr5	2436	1919	517	1
chr5	2501	2441	60	1
chr5	2501	2492	9	1
chr5	2511	1833	678	1
chr5	2511	1834	677	1
chr5	2513	1899	614	1
chr5	2554	1259	1295	1
chr5	2585	1382	1203	1
chr5	2610	1086	1524	1
chr5	2611	1086	1525	1
chr5	2623	1082	1541	1
chr5	2623	1674	949	1
chr5	2629	2525	104	1
chr5	2634	828	1806	1
chr5	2637	1978	659	1
chr5	2641	1831	810	1
chr5	2648	1716	932	1
chr5	2653	888	1765	1
chr5	2657	2033	624	1
chr5	2663	1141	1522	1
chr5	2672	1700	972	1
chr5	2677	1082	1595	1
chr5	2700	2662	38	1
chr5	2706	1840	866	1
chr5	2706	1845	861	1
chr5	2707	1846	861	1
chr5	2708	2033	675	1
chr5	2795	450	2345	1
chr5	2815	2783	32	1
chr5	2848	1692	1156	1
chr5	2851	2846	5	1
chr5	2854	2846	8	1
chr5	2855	2845	10	1
chr5	2855	2846	9	1
chr5	2855	2848	7	1
chr5	2885	832	2053	1
chr5	2892	908	1984	1
chr5	3014	3007	7	1
chr5	3036	1619	1417	1
chr5	3036	1631	1405	1
chr5	3037	1619	1418	1
chr5	3063	773	2290	1
chr5	3063	2864	199	1
chr5	3066	780	2286	1
chr5	3067	2864	203	1
chr5	3072	2864	208	1
chr5	3110	573	2537	1
chr5	3110	908	2202	1
chr5	3110	2815	295	1
chr5	3110	2820	290	1
chr5	3110	2825	285	1
chr5	3110	2827	283	1
chr5	3113	2825	288	1
chr5	3114	2813	301	1
chr5	3131	3127	4	1
chr5	3144	740	2404	1
chr5	3223	3208	15	1
chr5	3256	1105	2151	1
chr5	3263	1616	1647	1
chr5	3363	3302	61	1
chr5	3381	84	3297	1
chr5	3453	3104	349	1
chr5	3455	1636	1819	1
chr5	3457	3148	309	1
chr5	3464	908	2556	1
chr5	3464	1642	1822	1
chr5	3466	1627	1839	1
chr5	3490	3484	6	1
chr5	3525	1630	1895	1
chr5	3551	3539	12	1
chr5	3555	3539	16	1
chr5	3562	3539	23	1
chr5	3563	3542	21	1
chr5	3565	3539	26	1
chr5	3565	3541	24	1
chr5	3567	3539	28	1
chr5	3569	3539	30	1
chr5	3569	3540	29	1
chr5	3571	3541	30	1
chr5	3591	3577	14	1
chr5	3608	1839	1769	1
chr5	3660	3656	4	1
chr5	3661	3656	5	1
chr5	3663	3660	3	1
chr5	3665	3660	5	1
chr5	3674	3660	14	1
chr5	3674	3661	13	1
chr5	3676	787	2889	1
chr5	3697	787	2910	1
chr5	3737	607	3130	1
chr5	3743	1818	1925	1
chr5	3756	2009	1747	1
chr6	134	113	21	1
chr6	328	307	21	1
chr6	328	310	18	1
chr6	328	311	17	1
chr6	328	317	11	1
chr6	465	338	127	1
chr6	629	188	441	1
chr6	771	762	9	1
chr6	777	760	17	1
chr6	847	800	47	1
chr6	945	939	6	1
chr6	947	938	9	1
chr6	947	943	4	1
chr6	949	928	21	1
chr6	950	933	17	1
chr6	951	928	23	1
chr6	970	742	228	1
chr6	1037	1028	9	1
chr6	1038	1028	10	1
chr6	1188	983	205	1
chr6	1188	985	203	1
chr6	1188	996	192	1
chr6	1188	998	190	1
chr6	1188	999	189	1
chr6	1189	949	240	1
chr6	1189	980	209	1
chr6	1262	1235	27	1
chr6	1293	1279	14	1
chr6	1302	1284	18	1
chr6	1302	1288	14	1
chr6	1452	82	1370	1
chr6	1464	79	1385	1
chr6	1620	1476	144	1
chr6	1691	1075	616	1
chr6	1691	1464	227	1
chr6	1692	1464	228	1
chr6	1820	1815	5	1
chr6	1820	1816	4	1
chr6	1828	969	859	1
chr6	1954	1947	7	1
chr6	2049	1812	237	1
chr6	2049	1818	231	1
chr6	2049	1819	230	1
chr6	2053	1825	228	1
chr6	2059	1909	150	1
chr6	2063	1819	244	1
chr6	2067	969	1098	1
chr6	2071	1819	252	1
chr6	2158	759	1399	1
chr6	2158	760	1398	1
chr6	2158	770	1388	1
chr6	2161	989	1172	1
chr6	2223	812	1411	1
chr6	2232	937	1295	1
chr6	2272	962	1310	1
chr6	2276	1819	457	1
chr6	2292	2060	232	1
chr6	2416	2381	35	1
chr6	2454	1475	979	1
chr6	2576	2541	35	1
chr6	2687	1423	1264	1
chr6	2714	2164	550	1
chr6	2715	1815	900	1
chr6	2717	1772	945	1
chr6	2717	1783	934	1
chr6	2758	1559	1199	1
chr6	2821	2720	101	1
chr6	2824	2817	7	1
chr6	2834	755	2079	1
chr6	2834	759	2075	1
chr6	2834	912	1922	1
chr6	2835	754	2081	1
chr6	2837	759	2078	1
chr6	2840	2158	682	1
chr6	2869	752	2117	1
chr6	2869	759	2110	1
chr6	2880	2317	563	1
chr6	2883	755	2128	1
chr6	2886	1820	1066	1
chr6	2887	738	2149	1
chr6	2887	740	2147	1
chr6	2888	754	2134	1
chr6	2888	857	2031	1
chr6	2888	2875	13	1
chr6	2891	942	1949	1
chr6	2900	939	1961	1
chr6	2900	940	1960	1
chr6	2900	941	1959	1
chr6	2920	2674	246	1
chr6	2941	2917	24	1
chr6	2941	2919	22	1
chr6	2941	2920	21	1
chr6	2941	2928	13	1
chr6	2943	1230	1713	1
chr6	2943	1464	1479	1
chr6	2961	1788	1173	1
chr6	2978	2081	897	1
chr6	3017	2274	743	1
chr6	3017	3013	4	1
chr6	3018	2274	744	1
chr6	3083	969	2114	1
chr6	3129	2164	965	1
chr6	3130	2164	966	1
chr6	3160	3131	29	1
chr6	3160	3140	20	1
chr6	3160	3141	19	1
chr6	3185	3174	11	1
chr6	3230	3220	10	1
chr6	3271	3251	20	1
chr6	3442	3435	7	1
chr6	3571	760	2811	1
chr6	3571	1788	1783	1
chr6	3574	626	2948	1
chr6	3574	751	2823	1
chr6	3574	760	2814	1
chr6	3578	760	2818	1
chr6	3579	3057	522	1
chr6	3580	3282	298	1
chr6	3606	322	3284	1
chr6	3622	1800	1822	1
chr6	3622	1801	1821	1
chr6	3675	2191	1484	1
chr6	3676	2197	1479	1
chr6	3684	2197	1487	1
chr6	3723	1230	2493	1
chr6	3724	1230	2494	1
chr6	3728	1230	2498	1
chr6	3728	1822	1906	1
chr7	172	160	12	1
chr7	240	183	57	1
chr7	240	184	56	1
chr7	240	187	53	1
chr7	241	183	58	1
chr7	241	185	56	1
chr7	242	183	59	1
chr7	242	184	58	1
chr7	242	185	57	1
chr7	242	186	56	1
chr7	242	187	55	1
chr7	243	182	61	1
chr7	243	183	60	1
chr7	243	184	59	1
chr7	243	185	58	1
chr7	243	186	57	1
chr7	243	187	56	1
chr7	244	167	77	1
chr7	244	170	74	1
chr7	244	172	72	1
chr7	244	177	67	1
chr7	244	180	64	1
chr7	244	182	62	1
chr7	244	183	61	1
chr7	244	184	60	1
chr7	244	185	59	1
chr7	244	186	58	1
chr7	244	187	57	1
chr7	245	167	78	1
chr7	245	180	65	1
chr7	245	182	63	1
chr7	245	183	62	1
chr7	245	184	61	1
chr7	245	185	60	1
chr7	245	187	58	1
chr7	264	182	82	1
chr7	264	183	81	1
chr7	264	184	80	1
chr7	264	185	79	1
chr7	264	186	78	1
chr7	264	187	77	1
chr7	265	158	107	1
chr7	265	161	104	1
chr7	265	165	100	1
chr7	265	166	99	1
chr7	265	167	98	1
chr7	265	169	96	1
chr7	265	170	95	1
chr7	265	171	94	1
chr7	265	172	93	1
chr7	265	173	92	1
chr7	265	179	86	1
chr7	265	180	85	1
chr7	265	182	83	1
chr7	265	183	82	1
chr7	265	184	81	1
chr7	265	185	80	1
chr7	265	186	79	1
chr7	265	187	78	1
chr7	265	243	22	1
chr7	265	244	21	1
chr7	266	155	111	1
chr7	266	158	108	1
chr7	266	161	105	1
chr7	266	165	101	1
chr7	266	166	100	1
chr7	266	167	99	1
chr7	266	168	98	1
chr7	266	169	97	1
chr7	266	170	96	1
chr7	266	171	95	1
chr7	266	172	94	1
chr7	266	180	86	1
chr7	266	182	84	1
chr7	266	183	83	1
chr7	266	184	82	1
chr7	266	185	81	1
chr7	266	186	80	1
chr7	266	187	79	1
chr7	266	243	23	1
chr7	266	244	22	1
chr7	267	183	84	1
chr7	267	184	83	1
chr7	267	185	82	1
chr7	267	186	81	1
chr7	267	187	80	1
chr7	268	179	89	1
chr7	268	183	85	1
chr7	268	184	84	1
chr7	268	185	83	1
chr7	268	186	82	1
chr7	269	183	86	1
chr7	269	184	85	1
chr7	270	183	87	1
chr7	271	183	88	1
chr7	271	187	84	1
chr7	272	183	89	1
chr7	272	187	85	1
chr7	273	183	90	1
chr7	273	186	87	1
chr7	273	187	86	1
chr7	274	183	91	1
chr7	274	187	87	1
chr7	275	183	92	1
chr7	276	183	93	1
chr7	276	185	91	1
chr7	276	187	89	1
chr7	278	183	95	1
chr7	278	184	94	1
chr7	278	187	91	1
chr7	279	183	96	1
chr7	281	183	98	1
chr7	281	187	94	1
chr7	283	183	100	1
chr7	283	184	99	1
chr7	284	183	101	1
chr7	294	187	107	1
chr7	296	137	159	1
chr7	296	150	146	1
chr7	302	183	119	1
chr7	307	187	120	1
chr7	309	187	122	1
chr7	318	183	135	1
chr7	327	170	157	1
chr7	327	308	19	1
chr7	332	187	145	1
chr7	343	183	160	1
chr7	348	183	165	1
chr7	360	183	177	1
chr7	370	342	28	1
chr7	370	349	21	1
chr7	371	343	28	1
chr7	371	349	22	1
chr7	372	354	18	1
chr7	372	355	17	1
chr7	374	342	32	1
chr7	374	349	25	1
chr7	376	343	33	1
chr7	409	343	66	1
chr7	411	177	234	1
chr7	411	381	30	1
chr7	412	336	76	1
chr7	412	339	73	1
chr7	412	342	70	1
chr7	412	343	69	1
chr7	412	347	65	1
chr7	413	183	230	1
chr7	413	337	76	1
chr7	413	343	70	1
chr7	413	347	66	1
chr7	413	348	65	1
chr7	413	349	64	1
chr7	425	111	314	1
chr7	426	111	315	1
chr7	430	158	272	1
chr7	440	121	319	1
chr7	466	187	279	1
chr7	470	444	26	1
chr7	471	444	27	1
chr7	478	444	34	1
chr7	483	444	39	1
chr7	483	457	26	1
chr7	488	439	49	1
chr7	488	444	44	1
chr7	489	439	50	1
chr7	489	444	45	1
chr7	516	342	174	1
chr7	580	202	378	1
chr7	581	202	379	1
chr7	581	580	1	1
chr7	603	511	92	1
chr7	603	513	90	1
chr7	603	514	89	1
chr7	603	516	87	1
chr7	604	157	447	1
chr7	604	158	446	1
chr7	604	166	438	1
chr7	604	171	433	1
chr7	604	172	432	1
chr7	604	183	421	1
chr7	604	187	417	1
chr7	604	274	330	1
chr7	604	276	328	1
chr7	604	387	217	1
chr7	604	444	160	1
chr7	604	456	148	1
chr7	604	457	147	1
chr7	604	469	135	1
chr7	604	471	133	1
chr7	604	500	104	1
chr7	604	503	101	1
chr7	604	506	98	1
chr7	604	509	95	1
chr7	604	510	94	1
chr7	604	511	93	1
chr7	604	512	92	1
chr7	604	513	91	1
chr7	604	514	90	1
chr7	604	515	89	1
chr7	604	516	88	1
chr7	605	510	95	1
chr7	605	513	92	1
chr7	605	514	91	1
chr7	605	515	90	1
chr7	605	516	89	1
chr7	606	513	93	1
chr7	606	515	91	1
chr7	606	516	90	1
chr7	607	342	265	1
chr7	607	508	99	1
chr7	607	509	98	1
chr7	607	510	97	1
chr7	607	511	96	1
chr7	607	512	95	1
chr7	607	513	94	1
chr7	607	514	93	1
chr7	607	515	92	1
chr7	607	516	91	1
chr7	608	515	93	1
chr7	608	516	92	1
chr7	609	503	106	1
chr7	609	509	100	1
chr7	609	510	99	1
chr7	609	514	95	1
chr7	609	516	93	1
chr7	611	513	98	1
chr7	611	515	96	1
chr7	614	166	448	1
chr7	614	171	443	1
chr7	614	172	442	1
chr7	614	174	440	1
chr7	614	183	431	1
chr7	614	486	128	1
chr7	614	501	113	1
chr7	614	503	111	1
chr7	614	506	108	1
chr7	614	507	107	1
chr7	614	509	105	1
chr7	614	510	104	1
chr7	614	511	103	1
chr7	614	512	102	1
chr7	614	513	101	1
chr7	614	514	100	1
chr7	614	515	99	1
chr7	614	516	98	1
chr7	615	166	449	1
chr7	615	172	443	1
chr7	615	183	432	1
chr7	615	187	428	1
chr7	615	265	350	1
chr7	615	351	264	1
chr7	615	486	129	1
chr7	615	501	114	1
chr7	615	503	112	1
chr7	615	506	109	1
chr7	615	509	106	1
chr7	615	510	105	1
chr7	615	512	103	1
chr7	615	513	102	1
chr7	615	514	101	1
chr7	615	515	100	1
chr7	615	516	99	1
chr7	616	509	107	1
chr7	616	511	105	1
chr7	616	512	104	1
chr7	616	513	103	1
chr7	616	514	102	1
chr7	616	515	101	1
chr7	616	516	100	1
chr7	617	512	105	1
chr7	617	513	104	1
chr7	617	515	102	1
chr7	618	512	106	1
chr7	618	513	105	1
chr7	618	514	104	1
chr7	618	515	103	1
chr7	618	516	102	1
chr7	618	605	13	1
chr7	619	183	436	1
chr7	619	509	110	1
chr7	619	512	107	1
chr7	619	514	105	1
chr7	619	515	104	1
chr7	620	514	106	1
chr7	620	515	105	1
chr7	620	516	104	1
chr7	622	509	113	1
chr7	622	511	111	1
chr7	622	512	110	1
chr7	622	513	109	1
chr7	622	514	108	1
chr7	622	515	107	1
chr7	623	505	118	1
chr7	623	508	115	1
chr7	623	512	111	1
chr7	623	515	108	1
chr7	624	506	118	1
chr7	624	509	115	1
chr7	624	511	113	1
chr7	624	512	112	1
chr7	624	514	110	1
chr7	624	515	109	1
chr7	624	516	108	1
chr7	625	506	119	1
chr7	625	509	116	1
chr7	625	510	115	1
chr7	625	511	114	1
chr7	625	512	113	1
chr7	625	513	112	1
chr7	625	514	111	1
chr7	625	515	110	1
chr7	625	516	109	1
chr7	626	512	114	1
chr7	626	514	112	1
chr7	626	515	111	1
chr7	627	506	121	1
chr7	627	511	116	1
chr7	627	512	115	1
chr7	627	514	113	1
chr7	627	515	112	1
chr7	627	516	111	1
chr7	628	506	122	1
chr7	628	515	113	1
chr7	629	501	128	1
chr7	629	505	124	1
chr7	629	507	122	1
chr7	629	509	120	1
chr7	629	511	118	1
chr7	629	514	115	1
chr7	629	515	114	1
chr7	630	506	124	1
chr7	630	509	121	1
chr7	642	503	139	1
chr7	645	641	4	1
chr7	832	202	630	1
chr7	853	808	45	1
chr7	853	809	44	1
chr7	855	806	49	1
chr7	855	807	48	1
chr7	855	808	47	1
chr7	856	803	53	1
chr7	856	808	48	1
chr7	858	806	52	1
chr7	859	799	60	1
chr7	859	800	59	1
chr7	859	801	58	1
chr7	859	805	54	1
chr7	859	806	53	1
chr7	859	807	52	1
chr7	859	808	51	1
chr7	859	811	48	1
chr7	860	800	60	1
chr7	860	801	59	1
chr7	860	803	57	1
chr7	860	805	55	1
chr7	860	806	54	1
chr7	860	807	53	1
chr7	860	808	52	1
chr7	860	809	51	1
chr7	860	811	49	1
chr7	863	799	64	1
chr7	863	800	63	1
chr7	863	808	55	1
chr7	864	806	58	1
chr7	864	807	57	1
chr7	864	808	56	1
chr7	865	805	60	1
chr7	865	806	59	1
chr7	865	808	57	1
chr7	868	799	69	1
chr7	869	806	63	1
chr7	870	799	71	1
chr7	870	800	70	1
chr7	870	806	64	1
chr7	870	808	62	1
chr7	871	800	71	1
chr7	871	805	66	1
chr7	871	808	63	1
chr7	871	810	61	1
chr7	871	811	60	1
chr7	873	795	78	1
chr7	874	796	78	1
chr7	874	798	76	1
chr7	874	799	75	1
chr7	875	796	79	1
chr7	875	799	76	1
chr7	876	795	81	1
chr7	901	891	10	1
chr7	950	934	16	1
chr7	965	183	782	1
chr7	1160	982	178	1
chr7	1160	983	177	1
chr7	1160	984	176	1
chr7	1161	980	181	1
chr7	1161	981	180	1
chr7	1161	982	179	1
chr7	1161	983	178	1
chr7	1162	980	182	1
chr7	1162	981	181	1
chr7	1162	982	180	1
chr7	1162	983	179	1
chr7	1163	963	200	1
chr7	1163	964	199	1
chr7	1163	968	195	1
chr7	1163	972	191	1
chr7	1163	976	187	1
chr7	1163	977	186	1
chr7	1163	978	185	1
chr7	1163	979	184	1
chr7	1163	980	183	1
chr7	1163	981	182	1
chr7	1163	982	181	1
chr7	1163	983	180	1
chr7	1163	984	179	1
chr7	1164	88	1076	1
chr7	1164	158	1006	1
chr7	1164	183	981	1
chr7	1164	187	977	1
chr7	1164	604	560	1
chr7	1164	963	201	1
chr7	1164	974	190	1
chr7	1164	976	188	1
chr7	1164	977	187	1
chr7	1164	978	186	1
chr7	1164	979	185	1
chr7	1164	980	184	1
chr7	1164	981	183	1
chr7	1164	982	182	1
chr7	1164	983	181	1
chr7	1164	984	180	1
chr7	1165	158	1007	1
chr7	1165	183	982	1
chr7	1165	948	217	1
chr7	1165	960	205	1
chr7	1165	961	204	1
chr7	1165	963	202	1
chr7	1165	964	201	1
chr7	1165	965	200	1
chr7	1165	968	197	1
chr7	1165	974	191	1
chr7	1165	976	189	1
chr7	1165	977	188	1
chr7	1165	978	187	1
chr7	1165	979	186	1
chr7	1165	980	185	1
chr7	1165	981	184	1
chr7	1165	982	183	1
chr7	1165	983	182	1
chr7	1165	984	181	1
chr7	1166	183	983	1
chr7	1166	430	736	1
chr7	1166	930	236	1
chr7	1166	963	203	1
chr7	1166	964	202	1
chr7	1166	968	198	1
chr7	1166	975	191	1
chr7	1166	976	190	1
chr7	1166	977	189	1
chr7	1166	978	188	1
chr7	1166	979	187	1
chr7	1166	980	186	1
chr7	1166	981	185	1
chr7	1166	982	184	1
chr7	1166	983	183	1
chr7	1166	984	182	1
chr7	1167	977	190	1
chr7	1167	978	189	1
chr7	1167	979	188	1
chr7	1167	981	186	1
chr7	1167	983	184	1
chr7	1168	968	200	1
chr7	1168	970	198	1
chr7	1168	981	187	1
chr7	1168	983	185	1
chr7	1169	981	188	1
chr7	1169	983	186	1
chr7	1171	983	188	1
chr7	1175	981	194	1
chr7	1176	981	195	1
chr7	1177	981	196	1
chr7	1205	179	1026	1
chr7	1213	183	1030	1
chr7	1213	409	804	1
chr7	1216	183	1033	1
chr7	1217	167	1050	1
chr7	1219	159	1060	1
chr7	1221	183	1038	1
chr7	1223	170	1053	1
chr7	1223	183	1040	1
chr7	1225	244	981	1
chr7	1225	981	244	1
chr7	1230	1214	16	1
chr7	1231	981	250	1
chr7	1231	1214	17	1
chr7	1232	981	251	1
chr7	1236	183	1053	1
chr7	1245	981	264	1
chr7	1245	1224	21	1
chr7	1247	981	266	1
chr7	1248	1169	79	1
chr7	1254	1169	85	1
chr7	1260	773	487	1
chr7	1260	981	279	1
chr7	1260	1163	97	1
chr7	1260	1164	96	1
chr7	1260	1165	95	1
chr7	1261	981	280	1
chr7	1261	1163	98	1
chr7	1261	1164	97	1
chr7	1262	1164	98	1
chr7	1265	1164	101	1
chr7	1266	773	493	1
chr7	1266	778	488	1
chr7	1267	1169	98	1
chr7	1268	171	1097	1
chr7	1268	506	762	1
chr7	1278	773	505	1
chr7	1280	773	507	1
chr7	1287	425	862	1
chr7	1287	439	848	1
chr7	1296	443	853	1
chr7	1300	435	865	1
chr7	1300	436	864	1
chr7	1300	439	861	1
chr7	1306	436	870	1
chr7	1306	652	654	1
chr7	1308	113	1195	1
chr7	1308	120	1188	1
chr7	1308	425	883	1
chr7	1308	428	880	1
chr7	1309	113	1196	1
chr7	1309	120	1189	1
chr7	1309	121	1188	1
chr7	1309	604	705	1
chr7	1310	120	1190	1
chr7	1310	652	658	1
chr7	1314	120	1194	1
chr7	1316	436	880	1
chr7	1316	439	877	1
chr7	1317	120	1197	1
chr7	1317	435	882	1
chr7	1317	437	880	1
chr7	1317	439	878	1
chr7	1319	117	1202	1
chr7	1319	120	1199	1
chr7	1322	121	1201	1
chr7	1323	490	833	1
chr7	1327	883	444	1
chr7	1328	883	445	1
chr7	1332	1330	2	1
chr7	1337	506	831	1
chr7	1592	339	1253	1
chr7	1593	339	1254	1
chr7	1665	183	1482	1
chr7	1738	1673	65	1
chr7	1738	1691	47	1
chr7	1740	1691	49	1
chr7	1865	341	1524	1
chr7	1874	338	1536	1
chr7	1874	341	1533	1
chr7	2093	1323	770	1
chr7	2130	2088	42	1
chr7	2149	2085	64	1
chr7	2180	137	2043	1
chr7	2356	1262	1094	1
chr7	2454	1853	601	1
chr7	2568	1879	689	1
chr7	2581	2502	79	1
chr7	2587	2448	139	1
chr7	2602	2516	86	1
chr7	2615	1879	736	1
chr7	2616	1888	728	1
chr7	2621	1882	739	1
chr7	2660	960	1700	1
chr7	2784	2742	42	1
chr7	2830	234	2596	1
chr7	2869	2727	142	1
chr7	2871	2727	144	1
chr7	2872	2727	145	1
chr7	2872	2728	144	1
chr7	2932	2204	728	1
chr7	2935	486	2449	1
chr7	2937	2416	521	1
chr7	2937	2427	510	1
chr7	2939	1402	1537	1
chr7	2939	2427	512	1
chr7	2945	2939	6	1
chr7	3002	2989	13	1
chr7	3006	2989	17	1
chr7	3130	2935	195	1
chr7	3132	2935	197	1
chr7	3140	435	2705	1
chr7	3140	2029	1111	1
chr7	3145	1860	1285	1
chr7	3146	1320	1826	1
chr7	3148	464	2684	1
chr7	3148	465	2683	1
chr7	3148	2596	552	1
chr7	3149	439	2710	1
chr7	3149	2625	524	1
chr7	3150	2625	525	1
chr7	3150	2932	218	1
chr7	3153	2931	222	1
chr7	3158	1827	1331	1
chr7	3164	2394	770	1
chr7	3164	3154	10	1
chr7	3166	1860	1306	1
chr7	3167	1859	1308	1
chr7	3167	2592	575	1
chr7	3182	1287	1895	1
chr7	3185	1287	1898	1
chr7	3185	2496	689	1
chr7	3189	1274	1915	1
chr7	3190	1165	2025	1
chr7	3190	1274	1916	1
chr7	3190	1852	1338	1
chr7	3190	1859	1331	1
chr7	3190	1866	1324	1
chr7	3190	2572	618	1
chr7	3191	1271	1920	1
chr7	3191	1274	1917	1
chr7	3191	1287	1904	1
chr7	3193	2631	562	1
chr7	3203	1957	1246	1
chr7	3214	3210	4	1
chr7	3214	3211	3	1
chr7	3220	3212	8	1
chr7	3220	3214	6	1
chr7	3224	2184	1040	1
chr7	3232	2184	1048	1
chr7	3232	2186	1046	1
chr7	3232	2192	1040	1
chr7	3232	2198	1034	1
chr7	3232	2199	1033	1
chr7	3232	2200	1032	1
chr7	3233	1302	1931	1
chr7	3235	895	2340	1
chr7	3238	171	3067	1
chr7	3239	1272	1967	1
chr7	3253	3232	21	1
chr7	3253	3235	18	1
chr7	3256	120	3136	1
chr7	3256	265	2991	1
chr7	3260	1268	1992	1
chr7	3267	1217	2050	1
chr7	3307	3273	34	1
chr7	3311	3283	28	1
chr7	3313	3279	34	1
chr7	3315	3241	74	1
chr7	3315	3246	69	1
chr7	3316	3235	81	1
chr7	3316	3253	63	1
chr7	3323	3235	88	1
chr7	3331	3322	9	1
chr7	3333	152	3181	1
chr7	3416	3153	263	1
chr7	3425	3142	283	1
chr7	3439	3403	36	1
chr7	3443	981	2462	1
chr7	3504	3137	367	1
chr7	3507	3394	113	1
chr7	3519	3137	382	1
chr7	3536	3527	9	1
chr7	3556	2238	1318	1
chr7	3581	3469	112	1
chr7	3588	2932	656	1
chr7	3588	2934	654	1
chr7	3599	3550	49	1
chr7	3599	3578	21	1
chr7	3599	3581	18	1
chr7	3609	3595	14	1
chr7	3610	3576	34	1
chr7	3610	3595	15	1
chr7	3612	3140	472	1
chr7	3612	3582	30	1
chr7	3612	3588	24	1
chr7	3612	3589	23	1
chr7	3612	3595	17	1
chr7	3612	3597	15	1
chr7	3614	3522	92	1
chr7	3614	3595	19	1
chr7	3615	488	3127	1
chr7	3626	167	3459	1
chr7	3635	167	3468	1
chr7	3642	3576	66	1
chr7	3642	3600	42	1
chr7	3643	3631	12	1
chr7	3644	3576	68	1
chr7	3644	3582	62	1
chr7	3672	3504	168	1
chr7	3694	3690	4	1
chr7	3695	3686	9	1
chr7	3700	3685	15	1
chr7	3700	3686	14	1
chr7	3700	3687	13	1
chr7	3700	3694	6	1
chr7	3701	3685	16	1
chr7	3701	3687	14	1
chr7	3706	2185	1521	1
chr7	3732	1841	1891	1
chr7	3757	3149	608	1
chr7	3767	3758	9	1
chr7	3767	3759	8	1
chr7	3768	3759	9	1
chr7	3769	687	3082	1
chr7	3803	897	2906	1
chr7	3809	3804	5	1
chr8	277	265	12	1
chr8	278	265	13	1
chr8	280	265	15	1
chr8	283	94	189	1
chr8	315	299	16	1
chr8	372	338	34	1
chr8	373	348	25	1
chr8	375	302	73	1
chr8	377	360	17	1
chr8	493	88	405	1
chr8	493	107	386	1
chr8	493	108	385	1
chr8	494	108	386	1
chr8	494	109	385	1
chr8	495	107	388	1
chr8	495	108	387	1
chr8	495	109	386	1
chr8	495	493	2	1
chr8	497	88	409	1
chr8	497	107	390	1
chr8	497	335	162	1
chr8	498	493	5	1
chr8	498	494	4	1
chr8	498	495	3	1
chr8	500	108	392	1
chr8	500	493	7	1
chr8	500	494	6	1
chr8	500	495	5	1
chr8	500	498	2	1
chr8	501	88	413	1
chr8	501	107	394	1
chr8	501	108	393	1
chr8	501	109	392	1
chr8	501	493	8	1
chr8	501	494	7	1
chr8	501	495	6	1
chr8	501	498	3	1
chr8	593	497	96	1
chr8	630	619	11	1
chr8	635	619	16	1
chr8	638	615	23	1
chr8	639	619	20	1
chr8	703	686	17	1
chr8	746	498	248	1
chr8	766	720	46	1
chr8	802	720	82	1
chr8	802	721	81	1
chr8	804	704	100	1
chr8	804	715	89	1
chr8	805	704	101	1
chr8	805	705	100	1
chr8	805	709	96	1
chr8	805	710	95	1
chr8	810	715	95	1
chr8	835	734	101	1
chr8	842	312	530	1
chr8	849	830	19	1
chr8	849	835	14	1
chr8	849	836	13	1
chr8	851	366	485	1
chr8	867	366	501	1
chr8	869	353	516	1
chr8	869	366	503	1
chr8	869	370	499	1
chr8	875	495	380	1
chr8	875	498	377	1
chr8	875	500	375	1
chr8	880	498	382	1
chr8	881	498	383	1
chr8	940	920	20	1
chr8	940	923	17	1
chr8	974	729	245	1
chr8	1055	882	173	1
chr8	1152	1107	45	1
chr8	1154	493	661	1
chr8	1262	1249	13	1
chr8	1348	1233	115	1
chr8	1454	1391	63	1
chr8	1457	1403	54	1
chr8	1464	1395	69	1
chr8	1475	1395	80	1
chr8	1507	1502	5	1
chr8	1724	1691	33	1
chr8	1758	1628	130	1
chr8	1799	91	1708	1
chr8	1799	92	1707	1
chr8	1799	93	1706	1
chr8	1799	94	1705	1
chr8	1799	105	1694	1
chr8	1799	107	1692	1
chr8	1799	108	1691	1
chr8	1799	109	1690	1
chr8	1799	111	1688	1
chr8	1799	283	1516	1
chr8	1799	290	1509	1
chr8	1799	313	1486	1
chr8	1799	341	1458	1
chr8	1799	348	1451	1
chr8	1799	349	1450	1
chr8	1799	350	1449	1
chr8	1799	351	1448	1
chr8	1799	352	1447	1
chr8	1799	353	1446	1
chr8	1799	358	1441	1
chr8	1799	360	1439	1
chr8	1799	366	1433	1
chr8	1799	368	1431	1
chr8	1799	370	1429	1
chr8	1799	371	1428	1
chr8	1799	372	1427	1
chr8	1799	373	1426	1
chr8	1799	374	1425	1
chr8	1799	375	1424	1
chr8	1799	377	1422	1
chr8	1799	378	1421	1
chr8	1799	379	1420	1
chr8	1799	380	1419	1
chr8	1799	381	1418	1
chr8	1799	383	1416	1
chr8	1799	389	1410	1
chr8	1799	428	1371	1
chr8	1799	448	1351	1
chr8	1799	449	1350	1
chr8	1799	450	1349	1
chr8	1799	451	1348	1
chr8	1799	458	1341	1
chr8	1799	460	1339	1
chr8	1799	461	1338	1
chr8	1799	463	1336	1
chr8	1799	464	1335	1
chr8	1799	465	1334	1
chr8	1799	466	1333	1
chr8	1799	470	1329	1
chr8	1799	472	1327	1
chr8	1799	473	1326	1
chr8	1799	474	1325	1
chr8	1799	475	1324	1
chr8	1799	476	1323	1
chr8	1799	477	1322	1
chr8	1799	481	1318	1
chr8	1799	483	1316	1
chr8	1799	486	1313	1
chr8	1799	487	1312	1
chr8	1799	489	1310	1
chr8	1799	493	1306	1
chr8	1799	494	1305	1
chr8	1799	495	1304	1
chr8	1799	497	1302	1
chr8	1799	498	1301	1
chr8	1799	500	1299	1
chr8	1799	501	1298	1
chr8	1799	710	1089	1
chr8	1799	830	969	1
chr8	1799	835	964	1
chr8	1799	836	963	1
chr8	1799	849	950	1
chr8	1799	851	948	1
chr8	1799	869	930	1
chr8	1800	88	1712	1
chr8	1800	105	1695	1
chr8	1800	107	1693	1
chr8	1800	111	1689	1
chr8	1800	112	1688	1
chr8	1800	115	1685	1
chr8	1800	346	1454	1
chr8	1800	349	1451	1
chr8	1800	350	1450	1
chr8	1800	352	1448	1
chr8	1800	360	1440	1
chr8	1800	373	1427	1
chr8	1800	375	1425	1
chr8	1800	377	1423	1
chr8	1800	379	1421	1
chr8	1800	380	1420	1
chr8	1800	381	1419	1
chr8	1800	383	1417	1
chr8	1800	385	1415	1
chr8	1800	422	1378	1
chr8	1800	428	1372	1
chr8	1800	448	1352	1
chr8	1800	471	1329	1
chr8	1800	474	1326	1
chr8	1800	475	1325	1
chr8	1800	476	1324	1
chr8	1800	484	1316	1
chr8	1800	487	1313	1
chr8	1800	488	1312	1
chr8	1800	489	1311	1
chr8	1800	493	1307	1
chr8	1800	494	1306	1
chr8	1800	495	1305	1
chr8	1800	497	1303	1
chr8	1800	498	1302	1
chr8	1800	500	1300	1
chr8	1800	501	1299	1
chr8	1800	681	1119	1
chr8	1800	682	1118	1
chr8	1800	699	1101	1
chr8	1800	701	1099	1
chr8	1800	702	1098	1
chr8	1801	353	1448	1
chr8	1801	358	1443	1
chr8	1801	375	1426	1
chr8	1801	379	1422	1
chr8	1801	423	1378	1
chr8	1801	477	1324	1
chr8	1801	480	1321	1
chr8	1801	481	1320	1
chr8	1801	493	1308	1
chr8	1801	494	1307	1
chr8	1801	495	1306	1
chr8	1801	497	1304	1
chr8	1801	498	1303	1
chr8	1801	500	1301	1
chr8	1801	501	1300	1
chr8	1802	91	1711	1
chr8	1802	107	1695	1
chr8	1802	277	1525	1
chr8	1802	289	1513	1
chr8	1802	332	1470	1
chr8	1802	335	1467	1
chr8	1802	340	1462	1
chr8	1802	346	1456	1
chr8	1802	349	1453	1
chr8	1802	350	1452	1
chr8	1802	351	1451	1
chr8	1802	353	1449	1
chr8	1802	360	1442	1
chr8	1802	370	1432	1
chr8	1802	372	1430	1
chr8	1802	373	1429	1
chr8	1802	374	1428	1
chr8	1802	375	1427	1
chr8	1802	377	1425	1
chr8	1802	380	1422	1
chr8	1802	383	1419	1
chr8	1802	385	1417	1
chr8	1802	474	1328	1
chr8	1802	476	1326	1
chr8	1802	489	1313	1
chr8	1802	493	1309	1
chr8	1802	494	1308	1
chr8	1802	495	1307	1
chr8	1802	497	1305	1
chr8	1802	498	1304	1
chr8	1802	500	1302	1
chr8	1802	501	1301	1
chr8	1802	552	1250	1
chr8	1802	554	1248	1
chr8	1802	589	1213	1
chr8	1802	593	1209	1
chr8	1802	595	1207	1
chr8	1802	659	1143	1
chr8	1802	677	1125	1
chr8	1802	678	1124	1
chr8	1802	709	1093	1
chr8	1802	875	927	1
chr8	1802	1044	758	1
chr8	1803	88	1715	1
chr8	1803	109	1694	1
chr8	1803	327	1476	1
chr8	1803	346	1457	1
chr8	1803	348	1455	1
chr8	1803	360	1443	1
chr8	1803	370	1433	1
chr8	1803	374	1429	1
chr8	1803	375	1428	1
chr8	1803	429	1374	1
chr8	1803	433	1370	1
chr8	1803	493	1310	1
chr8	1803	494	1309	1
chr8	1803	495	1308	1
chr8	1803	497	1306	1
chr8	1803	498	1305	1
chr8	1803	500	1303	1
chr8	1803	501	1302	1
chr8	1804	107	1697	1
chr8	1804	451	1353	1
chr8	1804	466	1338	1
chr8	1804	493	1311	1
chr8	1804	494	1310	1
chr8	1804	495	1309	1
chr8	1804	497	1307	1
chr8	1804	498	1306	1
chr8	1804	500	1304	1
chr8	1804	501	1303	1
chr8	1817	501	1316	1
chr8	1842	493	1349	1
chr8	1842	495	1347	1
chr8	1842	497	1345	1
chr8	1842	498	1344	1
chr8	1859	1843	16	1
chr8	1860	498	1362	1
chr8	1860	1842	18	1
chr8	1939	501	1438	1
chr8	1977	1578	399	1
chr8	2082	311	1771	1
chr8	2132	2097	35	1
chr8	2152	370	1782	1
chr8	2187	494	1693	1
chr8	2227	2206	21	1
chr8	2228	2206	22	1
chr8	2262	2087	175	1
chr8	2264	875	1389	1
chr8	2274	370	1904	1
chr8	2277	1600	677	1
chr8	2279	370	1909	1
chr8	2280	370	1910	1
chr8	2288	869	1419	1
chr8	2290	338	1952	1
chr8	2290	493	1797	1
chr8	2291	370	1921	1
chr8	2291	869	1422	1
chr8	2292	870	1422	1
chr8	2293	869	1424	1
chr8	2295	942	1353	1
chr8	2297	869	1428	1
chr8	2304	2287	17	1
chr8	2308	2286	22	1
chr8	2308	2287	21	1
chr8	2309	2287	22	1
chr8	2309	2290	19	1
chr8	2345	493	1852	1
chr8	2376	2347	29	1
chr8	2376	2356	20	1
chr8	2399	2392	7	1
chr8	2415	2347	68	1
chr8	2415	2348	67	1
chr8	2415	2351	64	1
chr8	2694	493	2201	1
chr8	2694	498	2196	1
chr8	2703	2266	437	1
chr8	2705	501	2204	1
chr8	2708	500	2208	1
chr8	2710	501	2209	1
chr8	2711	497	2214	1
chr8	2711	498	2213	1
chr8	2718	1248	1470	1
chr8	2728	501	2227	1
chr8	2729	495	2234	1
chr8	2729	498	2231	1
chr8	2729	501	2228	1
chr8	2730	494	2236	1
chr8	2730	495	2235	1
chr8	2730	498	2232	1
chr8	2730	500	2230	1
chr8	2730	501	2229	1
chr8	2733	494	2239	1
chr8	2733	498	2235	1
chr8	2733	500	2233	1
chr8	2738	495	2243	1
chr8	2738	498	2240	1
chr8	2738	501	2237	1
chr8	2740	498	2242	1
chr8	2740	500	2240	1
chr8	2740	501	2239	1
chr8	2740	2261	479	1
chr8	2741	493	2248	1
chr8	2741	494	2247	1
chr8	2741	495	2246	1
chr8	2741	497	2244	1
chr8	2741	498	2243	1
chr8	2741	500	2241	1
chr8	2741	501	2240	1
chr8	2782	107	2675	1
chr8	2782	497	2285	1
chr8	2782	2758	24	1
chr8	2782	2760	22	1
chr8	2789	2756	33	1
chr8	2789	2759	30	1
chr8	2789	2761	28	1
chr8	2789	2776	13	1
chr8	2789	2777	12	1
chr8	2791	2758	33	1
chr8	2794	2776	18	1
chr8	2798	2294	504	1
chr8	2837	871	1966	1
chr8	2906	2869	37	1
chr8	2950	2877	73	1
chr8	2955	2725	230	1
chr8	2964	2941	23	1
chr8	2966	2889	77	1
chr8	2966	2890	76	1
chr8	2972	2941	31	1
chr8	2975	2915	60	1
chr8	2975	2930	45	1
chr8	2975	2933	42	1
chr8	2975	2937	38	1
chr8	2975	2941	34	1
chr8	2988	2939	49	1
chr8	2988	2940	48	1
chr8	2997	370	2627	1
chr8	2997	2290	707	1
chr8	3000	2994	6	1
chr8	3006	2364	642	1
chr8	3007	2940	67	1
chr8	3036	3018	18	1
chr8	3040	3016	24	1
chr8	3040	3017	23	1
chr8	3040	3018	22	1
chr8	3041	3015	26	1
chr8	3041	3016	25	1
chr8	3044	3016	28	1
chr8	3045	2821	224	1
chr8	3045	2824	221	1
chr8	3045	2827	218	1
chr8	3045	3016	29	1
chr8	3046	3016	30	1
chr8	3048	3016	32	1
chr8	3157	1822	1335	1
chr8	3192	2811	381	1
chr8	3209	2718	491	1
chr8	3209	3196	13	1
chr8	3210	1143	2067	1
chr8	3210	3196	14	1
chr8	3210	3203	7	1
chr8	3212	2856	356	1
chr8	3223	2249	974	1
chr8	3231	2814	417	1
chr8	3231	2815	416	1
chr8	3232	2814	418	1
chr8	3237	2861	376	1
chr8	3238	1892	1346	1
chr8	3238	2306	932	1
chr8	3238	2806	432	1
chr8	3238	3049	189	1
chr8	3242	2658	584	1
chr8	3242	2800	442	1
chr8	3242	2806	436	1
chr8	3243	1881	1362	1
chr8	3244	2800	444	1
chr8	3244	2809	435	1
chr8	3244	2810	434	1
chr8	3244	2815	429	1
chr8	3244	3049	195	1
chr8	3269	2719	550	1
chr8	3271	3255	16	1
chr8	3271	3258	13	1
chr8	3271	3259	12	1
chr8	3272	3243	29	1
chr8	3272	3249	23	1
chr8	3272	3250	22	1
chr8	3273	2719	554	1
chr8	3273	2721	552	1
chr8	3273	3240	33	1
chr8	3273	3242	31	1
chr8	3273	3243	30	1
chr8	3273	3244	29	1
chr8	3273	3246	27	1
chr8	3273	3247	26	1
chr8	3273	3249	24	1
chr8	3273	3250	23	1
chr8	3273	3253	20	1
chr8	3273	3254	19	1
chr8	3273	3255	18	1
chr8	3273	3256	17	1
chr8	3273	3258	15	1
chr8	3273	3259	14	1
chr8	3274	3246	28	1
chr8	3275	3244	31	1
chr8	3275	3263	12	1
chr8	3275	3266	9	1
chr8	3276	3244	32	1
chr8	3276	3254	22	1
chr8	3276	3258	18	1
chr8	3293	3258	35	1
chr9	130	89	41	1
chr9	142	89	53	1
chr9	160	113	47	1
chr9	160	114	46	1
chr9	160	131	29	1
chr9	160	134	26	1
chr9	205	138	67	1
chr9	300	210	90	1
chr9	303	236	67	1
chr9	323	125	198	1
chr9	687	377	310	1
chr9	690	681	9	1
chr9	728	556	172	1
chr9	769	757	12	1
chr9	769	758	11	1
chr9	769	760	9	1
chr9	918	339	579	1
chr9	1070	533	537	1
chr9	1106	519	587	1
chr9	1111	537	574	1
chr9	1111	548	563	1
chr9	1137	533	604	1
chr9	1191	1168	23	1
chr9	1194	1168	26	1
chr9	1194	1174	20	1
chr9	1208	1168	40	1
chr9	1218	1212	6	1
chr9	1254	1236	18	1
chr9	1258	533	725	1
chr9	1321	1299	22	1
chr9	1528	533	995	1
chr9	1536	1523	13	1
chr9	1537	1523	14	1
chr9	1539	1522	17	1
chr9	1539	1523	16	1
chr9	1539	1526	13	1
chr9	1540	1520	20	1
chr9	1540	1523	17	1
chr9	1540	1525	15	1
chr9	1541	1523	18	1
chr9	1543	1521	22	1
chr9	1543	1526	17	1
chr9	1544	1499	45	1
chr9	1544	1520	24	1
chr9	1544	1521	23	1
chr9	1544	1522	22	1
chr9	1544	1523	21	1
chr9	1615	1605	10	1
chr9	1880	1185	695	1
chr9	1947	1942	5	1
chr9	1990	1966	24	1
chr9	1991	1962	29	1
chr9	2391	1264	1127	1
chr9	2404	1822	582	1
chr9	2406	771	1635	1
chr9	2414	1119	1295	1
chr9	2475	1952	523	1
chr9	2479	1951	528	1
chr9	2507	2492	15	1
chr9	2508	2492	16	1
chr9	2525	875	1650	1
chr9	2555	2531	24	1
chr9	2604	610	1994	1
chr9	2659	1116	1543	1
chr9	2694	1424	1270	1
chr9	2707	540	2167	1
chr9	2711	1327	1384	1
chr9	2711	1337	1374	1
chr9	2713	548	2165	1
chr9	2748	519	2229	1
chr9	2748	768	1980	1
chr9	2748	1096	1652	1
chr9	2749	770	1979	1
chr9	2749	772	1977	1
chr9	2749	1073	1676	1
chr9	2749	1487	1262	1
chr9	2751	771	1980	1
chr9	2751	772	1979	1
chr9	2757	770	1987	1
chr9	2767	1814	953	1
chr9	2861	1824	1037	1
chr9	2862	2384	478	1
chr9	2863	2774	89	1
chr9	2864	779	2085	1
chr9	2864	1824	1040	1
chr9	2970	2861	109	1
chr9	3065	1187	1878	1
chr9	3066	1187	1879	1
chr9	3085	609	2476	1
chr9	3085	1170	1915	1
