chrom	Pos_B	Pos_A	dist	interaction
chr1	108	76	32	1
chr1	148	129	19	1
chr1	148	134	14	1
chr1	212	179	33	1
chr1	321	278	43	1
chr1	447	429	18	1
chr1	759	715	44	1
chr1	761	715	46	1
chr1	970	960	10	1
chr1	1239	1187	52	1
chr1	1240	1175	65	1
chr1	1240	1195	45	1
chr1	1244	1187	57	1
chr1	1273	1244	29	1
chr1	1492	1483	9	1
chr1	1523	1512	11	1
chr1	1526	1510	16	1
chr1	1564	1534	30	1
chr1	1567	1530	37	1
chr1	1567	1531	36	1
chr1	1567	1534	33	1
chr1	1567	1535	32	1
chr1	1567	1538	29	1
chr1	1576	1533	43	1
chr1	1576	1550	26	1
chr1	1614	1594	20	1
chr1	1615	1594	21	1
chr1	1842	1824	18	1
chr1	1846	1824	22	1
chr1	1926	1897	29	1
chr1	1936	1893	43	1
chr1	1936	1895	41	1
chr1	1939	1893	46	1
chr1	1939	1894	45	1
chr1	1939	1895	44	1
chr1	1940	1895	45	1
chr1	1940	1897	43	1
chr1	1941	1899	42	1
chr1	1941	1903	38	1
chr1	1992	1969	23	1
chr1	2130	2127	3	1
chr1	2132	2127	5	1
chr1	2132	2128	4	1
chr1	2133	2127	6	1
chr1	2133	2128	5	1
chr1	2133	2132	1	1
chr1	2134	2127	7	1
chr1	2134	2128	6	1
chr1	2134	2132	2	1
chr1	2184	2129	55	1
chr1	2184	2134	50	1
chr1	2185	2125	60	1
chr1	2185	2126	59	1
chr1	2185	2127	58	1
chr1	2185	2128	57	1
chr1	2185	2129	56	1
chr1	2185	2130	55	1
chr1	2185	2131	54	1
chr1	2185	2132	53	1
chr1	2185	2133	52	1
chr1	2185	2134	51	1
chr1	2187	2125	62	1
chr1	2187	2126	61	1
chr1	2187	2127	60	1
chr1	2187	2128	59	1
chr1	2187	2129	58	1
chr1	2187	2130	57	1
chr1	2187	2131	56	1
chr1	2187	2132	55	1
chr1	2187	2133	54	1
chr1	2187	2134	53	1
chr1	2188	2123	65	1
chr1	2188	2124	64	1
chr1	2188	2125	63	1
chr1	2188	2126	62	1
chr1	2188	2127	61	1
chr1	2188	2128	60	1
chr1	2188	2129	59	1
chr1	2188	2130	58	1
chr1	2188	2131	57	1
chr1	2188	2132	56	1
chr1	2188	2133	55	1
chr1	2188	2134	54	1
chr1	2189	2125	64	1
chr1	2189	2126	63	1
chr1	2189	2127	62	1
chr1	2189	2128	61	1
chr1	2189	2129	60	1
chr1	2189	2130	59	1
chr1	2189	2131	58	1
chr1	2189	2132	57	1
chr1	2189	2133	56	1
chr1	2189	2134	55	1
chr1	2194	2128	66	1
chr1	2194	2133	61	1
chr1	2199	2128	71	1
chr1	2310	2299	11	1
chr1	2313	2299	14	1
chr1	2313	2300	13	1
chr1	2321	2299	22	1
chr1	2468	2398	70	1
chr1	3075	3064	11	1
chr1	3075	3066	9	1
chr1	3076	3064	12	1
chr1	3077	3064	13	1
chr1	3077	3066	11	1
chr1	3077	3067	10	1
chr1	3077	3068	9	1
chr1	3077	3070	7	1
chr1	3078	3063	15	1
chr1	3078	3064	14	1
chr1	3078	3065	13	1
chr1	3078	3066	12	1
chr1	3079	3062	17	1
chr1	3079	3066	13	1
chr1	3079	3068	11	1
chr1	3207	3191	16	1
chr1	3207	3192	15	1
chr1	3222	3197	25	1
chr1	3440	3436	4	1
chr1	3531	3519	12	1
chr1	4004	3990	14	1
chr1	4048	4033	15	1
chr1	4297	4247	50	1
chr1	4297	4249	48	1
chr1	4297	4250	47	1
chr1	4338	4337	1	1
chr1	4384	4364	20	1
chr1	4430	4414	16	1
chr1	4591	4581	10	1
chr1	4909	4875	34	1
chr10	142	130	12	1
chr10	184	87	97	1
chr10	185	87	98	1
chr10	185	88	97	1
chr10	270	241	29	1
chr10	426	390	36	1
chr10	437	358	79	1
chr10	437	381	56	1
chr10	438	376	62	1
chr10	439	381	58	1
chr10	442	392	50	1
chr10	445	375	70	1
chr10	445	392	53	1
chr10	446	392	54	1
chr10	514	505	9	1
chr10	516	505	11	1
chr10	517	503	14	1
chr10	523	519	4	1
chr10	539	531	8	1
chr10	539	533	6	1
chr10	540	531	9	1
chr10	543	530	13	1
chr10	543	533	10	1
chr10	544	530	14	1
chr10	544	531	13	1
chr10	544	533	11	1
chr10	552	548	4	1
chr10	553	548	5	1
chr10	606	589	17	1
chr10	937	923	14	1
chr10	939	930	9	1
chr10	959	918	41	1
chr10	959	919	40	1
chr10	960	919	41	1
chr10	964	919	45	1
chr10	964	926	38	1
chr10	964	941	23	1
chr10	966	917	49	1
chr10	966	919	47	1
chr10	968	922	46	1
chr10	969	919	50	1
chr10	970	918	52	1
chr10	970	919	51	1
chr10	973	919	54	1
chr10	974	919	55	1
chr10	974	923	51	1
chr10	978	916	62	1
chr10	986	919	67	1
chr10	987	974	13	1
chr10	999	972	27	1
chr10	1115	1101	14	1
chr10	1120	1101	19	1
chr10	1389	1339	50	1
chr10	1389	1340	49	1
chr10	1389	1358	31	1
chr10	1389	1369	20	1
chr10	1391	1340	51	1
chr10	1391	1346	45	1
chr10	1392	1339	53	1
chr10	1392	1340	52	1
chr10	1392	1346	46	1
chr10	1393	1346	47	1
chr10	1398	1332	66	1
chr10	1400	1347	53	1
chr10	1401	1339	62	1
chr10	1401	1340	61	1
chr10	1401	1346	55	1
chr10	1401	1347	54	1
chr10	1403	1332	71	1
chr10	1404	1332	72	1
chr10	1404	1339	65	1
chr10	1413	1342	71	1
chr10	1418	1340	78	1
chr10	1482	1472	10	1
chr10	1482	1473	9	1
chr10	1483	1472	11	1
chr10	1541	1533	8	1
chr10	1657	1577	80	1
chr10	1665	1660	5	1
chr10	2129	2111	18	1
chr10	2195	2171	24	1
chr10	2322	2266	56	1
chr10	2380	2376	4	1
chr10	2383	2376	7	1
chr10	2546	2503	43	1
chr10	2547	2503	44	1
chr10	2548	2503	45	1
chr10	2548	2506	42	1
chr10	2785	2774	11	1
chr10	2908	2895	13	1
chr10	2908	2897	11	1
chr10	2908	2898	10	1
chr10	3115	3068	47	1
chr10	3116	3068	48	1
chr11	208	178	30	1
chr11	208	179	29	1
chr11	213	183	30	1
chr11	220	208	12	1
chr11	269	234	35	1
chr11	275	214	61	1
chr11	275	215	60	1
chr11	275	231	44	1
chr11	275	232	43	1
chr11	279	214	65	1
chr11	470	444	26	1
chr11	476	430	46	1
chr11	476	435	41	1
chr11	477	430	47	1
chr11	484	435	49	1
chr11	484	444	40	1
chr11	492	430	62	1
chr11	501	435	66	1
chr11	619	599	20	1
chr11	634	599	35	1
chr11	636	599	37	1
chr11	636	600	36	1
chr11	637	599	38	1
chr11	638	599	39	1
chr11	639	599	40	1
chr11	640	599	41	1
chr11	641	599	42	1
chr11	641	600	41	1
chr11	641	606	35	1
chr11	642	599	43	1
chr11	642	606	36	1
chr11	643	600	43	1
chr11	645	606	39	1
chr11	647	599	48	1
chr11	649	599	50	1
chr11	649	600	49	1
chr11	650	600	50	1
chr11	658	621	37	1
chr11	660	599	61	1
chr11	660	619	41	1
chr11	661	599	62	1
chr11	661	600	61	1
chr11	664	605	59	1
chr11	665	599	66	1
chr11	665	619	46	1
chr11	665	635	30	1
chr11	667	605	62	1
chr11	669	599	70	1
chr11	669	606	63	1
chr11	669	619	50	1
chr11	671	606	65	1
chr11	672	605	67	1
chr11	672	606	66	1
chr11	672	642	30	1
chr11	673	606	67	1
chr11	673	631	42	1
chr11	674	605	69	1
chr11	674	606	68	1
chr11	676	606	70	1
chr11	706	679	27	1
chr11	719	679	40	1
chr11	771	756	15	1
chr11	889	868	21	1
chr11	1077	1015	62	1
chr11	1080	1014	66	1
chr11	1080	1015	65	1
chr11	1081	1013	68	1
chr11	1081	1014	67	1
chr11	1081	1015	66	1
chr11	1121	1111	10	1
chr11	1396	1386	10	1
chr11	1397	1385	12	1
chr11	1397	1386	11	1
chr11	1398	1386	12	1
chr11	1399	1384	15	1
chr11	1432	1406	26	1
chr11	1441	1396	45	1
chr11	1487	1484	3	1
chr11	1552	1545	7	1
chr11	1613	1589	24	1
chr11	1967	1960	7	1
chr11	2215	2197	18	1
chr11	2497	2484	13	1
chr11	2497	2485	12	1
chr11	2498	2484	14	1
chr11	2501	2482	19	1
chr11	2501	2485	16	1
chr11	2503	2484	19	1
chr11	2504	2480	24	1
chr11	2725	2709	16	1
chr11	2727	2709	18	1
chr11	2823	2787	36	1
chr12	264	239	25	1
chr12	265	227	38	1
chr12	306	284	22	1
chr12	412	348	64	1
chr12	412	389	23	1
chr12	507	480	27	1
chr12	508	480	28	1
chr12	509	460	49	1
chr12	524	480	44	1
chr12	526	440	86	1
chr12	526	446	80	1
chr12	526	451	75	1
chr12	527	444	83	1
chr12	527	448	79	1
chr12	527	449	78	1
chr12	527	451	76	1
chr12	527	452	75	1
chr12	527	454	73	1
chr12	528	440	88	1
chr12	528	443	85	1
chr12	528	444	84	1
chr12	528	445	83	1
chr12	528	446	82	1
chr12	528	448	80	1
chr12	528	449	79	1
chr12	528	450	78	1
chr12	528	451	77	1
chr12	528	452	76	1
chr12	528	453	75	1
chr12	528	454	74	1
chr12	529	439	90	1
chr12	529	440	89	1
chr12	529	441	88	1
chr12	529	442	87	1
chr12	529	443	86	1
chr12	529	444	85	1
chr12	529	446	83	1
chr12	529	447	82	1
chr12	529	448	81	1
chr12	529	449	80	1
chr12	529	450	79	1
chr12	529	451	78	1
chr12	529	454	75	1
chr12	530	435	95	1
chr12	530	439	91	1
chr12	530	440	90	1
chr12	530	441	89	1
chr12	530	442	88	1
chr12	530	443	87	1
chr12	530	444	86	1
chr12	530	448	82	1
chr12	531	440	91	1
chr12	531	441	90	1
chr12	531	442	89	1
chr12	531	443	88	1
chr12	531	444	87	1
chr12	531	445	86	1
chr12	531	447	84	1
chr12	531	448	83	1
chr12	531	449	82	1
chr12	531	454	77	1
chr12	532	454	78	1
chr12	533	439	94	1
chr12	533	440	93	1
chr12	533	441	92	1
chr12	533	443	90	1
chr12	533	445	88	1
chr12	533	446	87	1
chr12	533	447	86	1
chr12	533	448	85	1
chr12	533	450	83	1
chr12	533	452	81	1
chr12	533	453	80	1
chr12	533	454	79	1
chr12	534	435	99	1
chr12	534	440	94	1
chr12	534	441	93	1
chr12	534	442	92	1
chr12	534	443	91	1
chr12	534	444	90	1
chr12	534	446	88	1
chr12	534	447	87	1
chr12	534	454	80	1
chr12	535	440	95	1
chr12	535	457	78	1
chr12	536	448	88	1
chr12	536	453	83	1
chr12	536	454	82	1
chr12	536	457	79	1
chr12	536	480	56	1
chr12	537	457	80	1
chr12	538	458	80	1
chr12	539	457	82	1
chr12	540	447	93	1
chr12	540	448	92	1
chr12	540	456	84	1
chr12	540	457	83	1
chr12	540	458	82	1
chr12	540	459	81	1
chr12	540	460	80	1
chr12	540	480	60	1
chr12	541	457	84	1
chr12	541	460	81	1
chr12	549	458	91	1
chr12	549	459	90	1
chr12	549	460	89	1
chr12	549	461	88	1
chr12	570	485	85	1
chr12	570	497	73	1
chr12	570	499	71	1
chr12	571	480	91	1
chr12	571	508	63	1
chr12	573	483	90	1
chr12	573	497	76	1
chr12	573	499	74	1
chr12	574	499	75	1
chr12	585	557	28	1
chr12	612	572	40	1
chr12	622	580	42	1
chr12	630	537	93	1
chr12	630	539	91	1
chr12	664	652	12	1
chr12	674	652	22	1
chr12	675	647	28	1
chr12	675	652	23	1
chr12	676	652	24	1
chr12	689	650	39	1
chr12	823	817	6	1
chr12	1035	1026	9	1
chr12	1081	1039	42	1
chr12	1302	1263	39	1
chr12	1502	1459	43	1
chr12	1558	1521	37	1
chr12	1558	1524	34	1
chr12	1559	1511	48	1
chr12	1559	1521	38	1
chr12	1559	1522	37	1
chr12	1559	1524	35	1
chr12	1559	1525	34	1
chr12	1585	1521	64	1
chr12	1899	1887	12	1
chr12	1920	1869	51	1
chr12	2000	1983	17	1
chr12	2001	1983	18	1
chr12	2024	2012	12	1
chr12	2025	2012	13	1
chr12	2025	2018	7	1
chr12	2029	2012	17	1
chr12	2030	2012	18	1
chr12	2032	2012	20	1
chr12	2121	2106	15	1
chr12	2237	2222	15	1
chr12	2238	2221	17	1
chr12	2238	2222	16	1
chr12	2238	2224	14	1
chr12	2238	2228	10	1
chr12	2239	2222	17	1
chr12	2239	2223	16	1
chr12	2239	2224	15	1
chr12	2239	2228	11	1
chr12	2520	2509	11	1
chr12	2521	2509	12	1
chr12	2522	2508	14	1
chr12	2522	2509	13	1
chr12	2524	2507	17	1
chr12	2527	2509	18	1
chr12	2529	2508	21	1
chr12	2529	2509	20	1
chr12	2541	2509	32	1
chr12	2543	2536	7	1
chr12	2543	2537	6	1
chr12	2544	2536	8	1
chr12	2589	2581	8	1
chr12	2590	2581	9	1
chr12	2593	2581	12	1
chr12	2651	2581	70	1
chr12	2724	2705	19	1
chr12	2735	2707	28	1
chr12	2902	2892	10	1
chr12	2902	2898	4	1
chr12	2902	2899	3	1
chr12	2919	2869	50	1
chr12	2921	2902	19	1
chr12	2922	2911	11	1
chr12	2926	2911	15	1
chr12	2926	2912	14	1
chr12	2927	2908	19	1
chr12	2927	2911	16	1
chr12	2927	2919	8	1
chr12	2973	2899	74	1
chr13	144	118	26	1
chr13	144	120	24	1
chr13	144	121	23	1
chr13	150	131	19	1
chr13	151	117	34	1
chr13	152	129	23	1
chr13	153	117	36	1
chr13	153	118	35	1
chr13	153	127	26	1
chr13	154	117	37	1
chr13	157	117	40	1
chr13	158	117	41	1
chr13	158	118	40	1
chr13	158	131	27	1
chr13	158	132	26	1
chr13	162	116	46	1
chr13	162	117	45	1
chr13	162	118	44	1
chr13	163	118	45	1
chr13	326	323	3	1
chr13	396	370	26	1
chr13	396	371	25	1
chr13	397	370	27	1
chr13	437	403	34	1
chr13	610	598	12	1
chr13	610	599	11	1
chr13	748	729	19	1
chr13	749	729	20	1
chr13	949	946	3	1
chr13	952	939	13	1
chr13	1017	1003	14	1
chr13	1126	1093	33	1
chr13	1215	1201	14	1
chr13	1215	1202	13	1
chr13	1283	1277	6	1
chr13	1285	1277	8	1
chr13	1286	1277	9	1
chr13	1287	1277	10	1
chr13	1288	1277	11	1
chr13	1291	1277	14	1
chr13	1292	1277	15	1
chr13	1436	1416	20	1
chr13	1482	1471	11	1
chr13	1487	1471	16	1
chr13	1488	1471	17	1
chr13	1556	1540	16	1
chr13	1664	1644	20	1
chr13	1669	1637	32	1
chr13	1669	1643	26	1
chr13	1669	1653	16	1
chr13	1670	1643	27	1
chr13	1670	1644	26	1
chr13	1670	1653	17	1
chr13	1671	1644	27	1
chr13	1671	1653	18	1
chr13	1819	1792	27	1
chr13	2274	2248	26	1
chr13	2275	2246	29	1
chr13	2275	2247	28	1
chr13	2275	2248	27	1
chr13	2275	2253	22	1
chr13	2276	2248	28	1
chr13	2321	2302	19	1
chr13	2321	2303	18	1
chr13	2322	2302	20	1
chr13	2322	2303	19	1
chr13	2324	2302	22	1
chr13	2327	2302	25	1
chr13	2328	2303	25	1
chr13	2393	2385	8	1
chr13	2563	2541	22	1
chr13	2586	2541	45	1
chr13	2586	2542	44	1
chr13	2586	2543	43	1
chr13	2586	2545	41	1
chr13	2586	2563	23	1
chr13	2587	2539	48	1
chr13	2587	2541	46	1
chr13	2587	2542	45	1
chr13	2587	2543	44	1
chr13	2587	2545	42	1
chr13	2587	2546	41	1
chr13	2587	2550	37	1
chr13	2587	2563	24	1
chr13	2588	2563	25	1
chr13	2592	2563	29	1
chr13	2594	2563	31	1
chr13	2597	2547	50	1
chr13	2598	2547	51	1
chr13	2598	2563	35	1
chr13	2609	2543	66	1
chr13	2609	2545	64	1
chr13	2724	2707	17	1
chr13	2779	2772	7	1
chr13	2803	2780	23	1
chr13	2805	2780	25	1
chr14	151	76	75	1
chr14	151	77	74	1
chr14	151	105	46	1
chr14	153	76	77	1
chr14	153	105	48	1
chr14	153	110	43	1
chr14	182	113	69	1
chr14	184	104	80	1
chr14	184	110	74	1
chr14	184	113	71	1
chr14	184	151	33	1
chr14	184	153	31	1
chr14	194	105	89	1
chr14	194	110	84	1
chr14	194	113	81	1
chr14	194	151	43	1
chr14	194	152	42	1
chr14	194	153	41	1
chr14	195	105	90	1
chr14	195	107	88	1
chr14	195	110	85	1
chr14	195	113	82	1
chr14	195	151	44	1
chr14	195	152	43	1
chr14	195	153	42	1
chr14	195	184	11	1
chr14	196	105	91	1
chr14	196	107	89	1
chr14	196	110	86	1
chr14	196	151	45	1
chr14	196	152	44	1
chr14	196	153	43	1
chr14	197	107	90	1
chr14	203	113	90	1
chr14	204	105	99	1
chr14	204	107	97	1
chr14	204	110	94	1
chr14	204	113	91	1
chr14	204	151	53	1
chr14	204	152	52	1
chr14	204	153	51	1
chr14	204	184	20	1
chr14	226	152	74	1
chr14	268	234	34	1
chr14	269	231	38	1
chr14	269	232	37	1
chr14	288	230	58	1
chr14	302	243	59	1
chr14	303	243	60	1
chr14	303	252	51	1
chr14	315	221	94	1
chr14	316	225	91	1
chr14	317	221	96	1
chr14	326	281	45	1
chr14	476	451	25	1
chr14	476	463	13	1
chr14	480	408	72	1
chr14	563	549	14	1
chr14	604	569	35	1
chr14	604	570	34	1
chr14	607	569	38	1
chr14	609	541	68	1
chr14	628	541	87	1
chr14	706	701	5	1
chr14	729	716	13	1
chr14	729	717	12	1
chr14	735	716	19	1
chr14	735	717	18	1
chr14	746	717	29	1
chr14	747	717	30	1
chr14	748	717	31	1
chr14	748	720	28	1
chr14	754	720	34	1
chr14	785	693	92	1
chr14	789	703	86	1
chr14	935	890	45	1
chr14	943	887	56	1
chr14	944	882	62	1
chr14	944	890	54	1
chr14	1183	1166	17	1
chr14	1217	1210	7	1
chr14	1225	1209	16	1
chr14	1228	1210	18	1
chr14	1286	1263	23	1
chr14	1352	1334	18	1
chr14	1590	1578	12	1
chr14	1590	1579	11	1
chr14	1819	1793	26	1
chr14	1899	1892	7	1
chr14	1932	1923	9	1
chr14	2058	2018	40	1
chr14	2074	2038	36	1
chr14	2076	2033	43	1
chr14	2079	2033	46	1
chr14	2081	2038	43	1
chr14	2089	2006	83	1
chr14	2099	2031	68	1
chr14	2099	2033	66	1
chr14	2507	2489	18	1
chr14	2523	2508	15	1
chr14	2527	2512	15	1
chr14	2529	2511	18	1
chr14	2529	2512	17	1
chr14	2537	2511	26	1
chr14	2544	2511	33	1
chr14	2545	2511	34	1
chr14	2546	2512	34	1
chr14	2547	2511	36	1
chr14	2547	2514	33	1
chr14	2547	2516	31	1
chr14	2548	2511	37	1
chr14	2548	2515	33	1
chr14	2551	2516	35	1
chr14	2552	2517	35	1
chr14	2662	2645	17	1
chr14	2688	2687	1	1
chr14	2752	2693	59	1
chr14	2945	2922	23	1
chr14	2953	2922	31	1
chr14	2957	2905	52	1
chr14	2957	2922	35	1
chr14	2958	2925	33	1
chr14	2958	2933	25	1
chr14	2959	2922	37	1
chr14	2959	2925	34	1
chr14	2959	2933	26	1
chr14	2960	2901	59	1
chr14	2961	2898	63	1
chr14	2961	2901	60	1
chr14	2961	2904	57	1
chr14	2961	2905	56	1
chr14	2961	2906	55	1
chr14	2961	2907	54	1
chr14	2961	2911	50	1
chr14	2961	2922	39	1
chr14	2961	2923	38	1
chr14	2980	2966	14	1
chr14	3002	2987	15	1
chr14	3005	2987	18	1
chr14	3007	2987	20	1
chr14	3010	2987	23	1
chr14	3010	2989	21	1
chr14	3011	2987	24	1
chr14	3011	2989	22	1
chr14	3012	2987	25	1
chr14	3012	2988	24	1
chr14	3012	2989	23	1
chr14	3012	2991	21	1
chr14	3012	2993	19	1
chr14	3026	2993	33	1
chr14	3028	3002	26	1
chr14	3032	2989	43	1
chr14	3038	2986	52	1
chr14	3047	3042	5	1
chr14	3048	3038	10	1
chr14	3091	3086	5	1
chr14	3116	3095	21	1
chr15	151	135	16	1
chr15	153	130	23	1
chr15	153	131	22	1
chr15	153	132	21	1
chr15	153	134	19	1
chr15	153	143	10	1
chr15	749	708	41	1
chr15	759	749	10	1
chr15	767	749	18	1
chr15	777	753	24	1
chr15	947	919	28	1
chr15	992	980	12	1
chr15	1015	1001	14	1
chr15	1022	1001	21	1
chr15	1545	1524	21	1
chr15	1548	1473	75	1
chr15	1561	1532	29	1
chr15	1561	1545	16	1
chr15	1562	1545	17	1
chr15	1563	1545	18	1
chr15	1565	1525	40	1
chr15	1591	1545	46	1
chr15	1702	1675	27	1
chr15	1742	1713	29	1
chr15	1773	1740	33	1
chr15	1821	1810	11	1
chr15	1822	1805	17	1
chr15	1822	1810	12	1
chr15	1822	1812	10	1
chr15	2196	2153	43	1
chr15	2211	2187	24	1
chr15	2351	2336	15	1
chr15	2376	2364	12	1
chr15	2382	2365	17	1
chr15	2385	2365	20	1
chr15	2385	2366	19	1
chr15	2386	2364	22	1
chr15	2386	2365	21	1
chr15	2386	2371	15	1
chr15	2545	2534	11	1
chr15	2546	2527	19	1
chr16	160	140	20	1
chr16	160	142	18	1
chr16	626	601	25	1
chr16	627	609	18	1
chr16	777	765	12	1
chr16	780	765	15	1
chr16	784	765	19	1
chr16	784	766	18	1
chr16	784	767	17	1
chr16	785	767	18	1
chr16	786	762	24	1
chr16	1092	1056	36	1
chr16	1092	1057	35	1
chr16	1092	1058	34	1
chr16	1093	1064	29	1
chr16	1094	1056	38	1
chr16	1180	1158	22	1
chr16	1195	1157	38	1
chr16	1491	1486	5	1
chr16	1920	1892	28	1
chr16	2255	2248	7	1
chr16	2255	2249	6	1
chr16	2257	2186	71	1
chr16	2267	2260	7	1
chr16	2329	2314	15	1
chr16	2331	2314	17	1
chr16	2333	2314	19	1
chr16	2345	2343	2	1
chr16	2362	2349	13	1
chr16	2362	2350	12	1
chr16	2435	2411	24	1
chr16	2435	2418	17	1
chr16	2438	2411	27	1
chr17	229	221	8	1
chr17	272	250	22	1
chr17	272	253	19	1
chr17	277	248	29	1
chr17	277	252	25	1
chr17	282	230	52	1
chr17	282	252	30	1
chr17	303	231	72	1
chr17	304	238	66	1
chr17	308	256	52	1
chr17	309	238	71	1
chr17	309	256	53	1
chr17	313	239	74	1
chr17	313	256	57	1
chr17	313	271	42	1
chr17	314	238	76	1
chr17	314	239	75	1
chr17	314	256	58	1
chr17	325	245	80	1
chr17	325	250	75	1
chr17	325	256	69	1
chr17	325	270	55	1
chr17	325	272	53	1
chr17	425	400	25	1
chr17	427	399	28	1
chr17	427	400	27	1
chr17	531	456	75	1
chr17	593	567	26	1
chr17	689	685	4	1
chr17	934	925	9	1
chr17	1010	1001	9	1
chr17	1070	1037	33	1
chr17	1311	1249	62	1
chr17	1590	1567	23	1
chr17	1593	1539	54	1
chr17	1736	1706	30	1
chr17	1853	1830	23	1
chr17	2101	2026	75	1
chr17	2102	2022	80	1
chr17	2102	2026	76	1
chr17	2102	2031	71	1
chr17	2148	2139	9	1
chr17	2264	2252	12	1
chr17	2272	2252	20	1
chr18	226	196	30	1
chr18	249	246	3	1
chr18	525	439	86	1
chr18	753	654	99	1
chr18	758	665	93	1
chr18	758	688	70	1
chr18	766	669	97	1
chr18	798	763	35	1
chr18	849	819	30	1
chr18	1059	1022	37	1
chr18	1123	1115	8	1
chr18	1243	1191	52	1
chr18	1508	1483	25	1
chr18	1612	1601	11	1
chr18	1747	1703	44	1
chr18	1848	1775	73	1
chr18	1908	1898	10	1
chr18	1910	1883	27	1
chr18	1928	1914	14	1
chr18	2003	1967	36	1
chr19	247	231	16	1
chr19	292	282	10	1
chr19	574	553	21	1
chr19	618	610	8	1
chr19	619	610	9	1
chr19	624	610	14	1
chr19	706	688	18	1
chr19	720	706	14	1
chr19	720	707	13	1
chr19	813	805	8	1
chr19	814	805	9	1
chr19	1004	978	26	1
chr19	1006	978	28	1
chr19	1007	977	30	1
chr19	1007	978	29	1
chr19	1088	1073	15	1
chr19	1104	1037	67	1
chr19	1159	1155	4	1
chr19	1378	1361	17	1
chr19	1378	1362	16	1
chr19	1379	1352	27	1
chr19	1379	1354	25	1
chr19	1379	1358	21	1
chr19	1379	1359	20	1
chr19	1379	1361	18	1
chr19	1384	1354	30	1
chr19	1401	1354	47	1
chr19	1407	1352	55	1
chr19	1407	1354	53	1
chr19	1506	1489	17	1
chr19	1519	1486	33	1
chr19	1521	1486	35	1
chr2	144	124	20	1
chr2	144	126	18	1
chr2	146	125	21	1
chr2	146	126	20	1
chr2	234	149	85	1
chr2	238	168	70	1
chr2	311	244	67	1
chr2	367	330	37	1
chr2	403	391	12	1
chr2	403	395	8	1
chr2	404	395	9	1
chr2	467	439	28	1
chr2	468	439	29	1
chr2	516	434	82	1
chr2	517	438	79	1
chr2	518	504	14	1
chr2	562	548	14	1
chr2	571	524	47	1
chr2	572	480	92	1
chr2	575	478	97	1
chr2	577	478	99	1
chr2	607	521	86	1
chr2	614	521	93	1
chr2	614	535	79	1
chr2	614	607	7	1
chr2	615	521	94	1
chr2	615	607	8	1
chr2	929	905	24	1
chr2	929	906	23	1
chr2	932	905	27	1
chr2	1219	1201	18	1
chr2	1324	1317	7	1
chr2	1859	1848	11	1
chr2	1860	1834	26	1
chr2	1861	1848	13	1
chr2	1861	1855	6	1
chr2	1862	1854	8	1
chr2	2258	2190	68	1
chr2	2409	2377	32	1
chr2	2410	2377	33	1
chr2	2693	2671	22	1
chr2	2693	2676	17	1
chr2	2719	2696	23	1
chr2	2739	2718	21	1
chr2	2739	2729	10	1
chr2	2828	2817	11	1
chr2	2899	2883	16	1
chr2	2899	2885	14	1
chr2	3206	3193	13	1
chr2	3206	3199	7	1
chr2	3209	3193	16	1
chr2	3759	3732	27	1
chr2	3947	3937	10	1
chr2	4011	3968	43	1
chr2	4018	3961	57	1
chr2	4049	4027	22	1
chr2	4059	4026	33	1
chr2	4247	4222	25	1
chr2	4300	4263	37	1
chr2	4300	4265	35	1
chr2	4300	4267	33	1
chr2	4300	4281	19	1
chr2	4307	4261	46	1
chr2	4332	4326	6	1
chr2	4333	4324	9	1
chr2	4367	4354	13	1
chr2	4368	4354	14	1
chr2	4369	4354	15	1
chr2	4428	4370	58	1
chr3	123	122	1	1
chr3	153	120	33	1
chr3	243	235	8	1
chr3	244	235	9	1
chr3	245	235	10	1
chr3	382	351	31	1
chr3	382	359	23	1
chr3	382	370	12	1
chr3	443	410	33	1
chr3	476	452	24	1
chr3	885	863	22	1
chr3	886	863	23	1
chr3	887	861	26	1
chr3	1253	1230	23	1
chr3	1254	1220	34	1
chr3	1255	1220	35	1
chr3	1274	1212	62	1
chr3	1318	1304	14	1
chr3	1420	1396	24	1
chr3	1425	1397	28	1
chr3	1426	1385	41	1
chr3	1498	1473	25	1
chr3	1500	1473	27	1
chr3	1593	1585	8	1
chr3	1644	1630	14	1
chr3	1644	1632	12	1
chr3	1713	1710	3	1
chr3	1811	1746	65	1
chr3	1812	1746	66	1
chr3	1813	1746	67	1
chr3	1814	1745	69	1
chr3	1814	1746	68	1
chr3	1816	1746	70	1
chr3	1816	1748	68	1
chr3	1817	1741	76	1
chr3	1817	1746	71	1
chr3	1817	1748	69	1
chr3	1820	1741	79	1
chr3	1820	1746	74	1
chr3	1822	1746	76	1
chr3	1823	1746	77	1
chr3	1873	1824	49	1
chr3	1932	1898	34	1
chr3	1962	1897	65	1
chr3	1963	1897	66	1
chr3	1966	1897	69	1
chr3	1967	1895	72	1
chr3	1967	1897	70	1
chr3	1968	1897	71	1
chr3	1971	1897	74	1
chr3	2042	1997	45	1
chr3	2043	1997	46	1
chr3	2043	1998	45	1
chr3	2296	2266	30	1
chr3	2528	2520	8	1
chr3	2563	2551	12	1
chr3	2912	2906	6	1
chr3	3046	3042	4	1
chr3	3055	3051	4	1
chr3	3070	3059	11	1
chr3	3071	3052	19	1
chr3	3076	3074	2	1
chr3	3238	3178	60	1
chr3	3238	3226	12	1
chr3	3461	3459	2	1
chr3	3535	3531	4	1
chr3	3561	3464	97	1
chr3	3905	3857	48	1
chr4	200	161	39	1
chr4	335	306	29	1
chr4	335	312	23	1
chr4	335	314	21	1
chr4	338	312	26	1
chr4	343	313	30	1
chr4	343	314	29	1
chr4	344	313	31	1
chr4	482	406	76	1
chr4	486	398	88	1
chr4	1211	1188	23	1
chr4	1531	1502	29	1
chr4	1531	1503	28	1
chr4	1531	1512	19	1
chr4	1532	1504	28	1
chr4	1537	1503	34	1
chr4	1538	1503	35	1
chr4	1689	1655	34	1
chr4	1959	1895	64	1
chr4	2107	2094	13	1
chr4	2110	2088	22	1
chr4	2111	2087	24	1
chr4	2114	2087	27	1
chr4	2120	2094	26	1
chr4	2120	2096	24	1
chr4	2517	2473	44	1
chr4	2517	2495	22	1
chr4	2517	2501	16	1
chr4	2517	2507	10	1
chr4	2517	2510	7	1
chr4	2517	2511	6	1
chr4	2521	2473	48	1
chr4	2543	2529	14	1
chr4	2644	2626	18	1
chr4	2721	2715	6	1
chr4	2775	2741	34	1
chr4	2775	2742	33	1
chr4	2775	2743	32	1
chr4	2777	2742	35	1
chr4	2780	2743	37	1
chr4	2846	2791	55	1
chr4	2847	2790	57	1
chr4	2850	2791	59	1
chr4	2850	2792	58	1
chr4	2852	2792	60	1
chr4	2965	2958	7	1
chr4	2965	2962	3	1
chr4	2967	2958	9	1
chr4	2967	2959	8	1
chr4	2970	2967	3	1
chr4	2971	2958	13	1
chr4	2971	2967	4	1
chr4	2972	2958	14	1
chr4	2972	2967	5	1
chr4	2973	2958	15	1
chr4	2973	2967	6	1
chr4	3057	3023	34	1
chr4	3140	3121	19	1
chr4	3140	3122	18	1
chr4	3140	3126	14	1
chr4	3141	3121	20	1
chr4	3141	3122	19	1
chr4	3187	3180	7	1
chr4	3197	3183	14	1
chr4	3222	3140	82	1
chr4	3285	3271	14	1
chr4	3285	3274	11	1
chr4	3501	3487	14	1
chr4	3574	3538	36	1
chr4	3588	3565	23	1
chr4	3588	3576	12	1
chr4	3588	3577	11	1
chr4	3598	3591	7	1
chr4	3600	3565	35	1
chr4	3629	3626	3	1
chr4	3630	3626	4	1
chr4	3642	3626	16	1
chr4	3643	3626	17	1
chr4	3643	3629	14	1
chr4	3643	3630	13	1
chr4	3644	3625	19	1
chr4	3644	3626	18	1
chr4	3644	3627	17	1
chr4	3644	3628	16	1
chr4	3644	3629	15	1
chr4	3644	3630	14	1
chr4	3644	3632	12	1
chr4	3645	3626	19	1
chr4	3651	3625	26	1
chr4	3651	3626	25	1
chr4	3651	3627	24	1
chr4	3651	3628	23	1
chr4	3651	3629	22	1
chr4	3651	3630	21	1
chr4	3651	3643	8	1
chr4	3651	3644	7	1
chr4	3654	3625	29	1
chr4	3654	3626	28	1
chr4	3654	3627	27	1
chr4	3654	3628	26	1
chr4	3654	3629	25	1
chr4	3654	3630	24	1
chr4	3654	3632	22	1
chr4	3654	3643	11	1
chr4	3659	3625	34	1
chr4	3659	3626	33	1
chr4	3659	3627	32	1
chr4	3659	3628	31	1
chr4	3659	3629	30	1
chr4	3659	3630	29	1
chr4	3659	3632	27	1
chr4	3666	3625	41	1
chr4	3666	3626	40	1
chr4	3666	3627	39	1
chr4	3666	3628	38	1
chr4	3666	3629	37	1
chr4	3666	3630	36	1
chr4	3666	3631	35	1
chr4	3666	3632	34	1
chr4	3666	3642	24	1
chr4	3666	3643	23	1
chr4	3666	3644	22	1
chr4	3666	3645	21	1
chr4	3667	3625	42	1
chr4	3667	3626	41	1
chr4	3667	3627	40	1
chr4	3667	3628	39	1
chr4	3667	3629	38	1
chr4	3667	3630	37	1
chr4	3667	3632	35	1
chr4	3667	3643	24	1
chr4	3667	3644	23	1
chr4	3667	3645	22	1
chr4	3667	3654	13	1
chr4	3668	3625	43	1
chr4	3668	3626	42	1
chr4	3668	3627	41	1
chr4	3668	3628	40	1
chr4	3668	3629	39	1
chr4	3668	3630	38	1
chr4	3668	3632	36	1
chr4	3668	3643	25	1
chr4	3668	3644	24	1
chr4	3668	3654	14	1
chr4	3670	3625	45	1
chr4	3670	3626	44	1
chr4	3670	3627	43	1
chr4	3670	3628	42	1
chr4	3670	3629	41	1
chr4	3670	3630	40	1
chr4	3670	3632	38	1
chr4	3670	3642	28	1
chr4	3670	3643	27	1
chr4	3670	3644	26	1
chr4	3670	3645	25	1
chr4	3670	3651	19	1
chr4	3670	3654	16	1
chr4	3671	3625	46	1
chr4	3671	3626	45	1
chr4	3671	3627	44	1
chr4	3671	3628	43	1
chr4	3671	3629	42	1
chr4	3671	3630	41	1
chr4	3671	3631	40	1
chr4	3671	3632	39	1
chr4	3671	3642	29	1
chr4	3671	3643	28	1
chr4	3671	3644	27	1
chr4	3671	3645	26	1
chr4	3671	3651	20	1
chr4	3671	3654	17	1
chr4	3671	3666	5	1
chr4	3671	3670	1	1
chr4	3672	3625	47	1
chr4	3672	3626	46	1
chr4	3672	3627	45	1
chr4	3672	3628	44	1
chr4	3672	3629	43	1
chr4	3672	3630	42	1
chr4	3672	3632	40	1
chr4	3672	3642	30	1
chr4	3672	3643	29	1
chr4	3672	3644	28	1
chr4	3672	3645	27	1
chr4	3672	3651	21	1
chr4	3672	3654	18	1
chr4	3673	3625	48	1
chr4	3673	3626	47	1
chr4	3673	3627	46	1
chr4	3673	3628	45	1
chr4	3673	3629	44	1
chr4	3673	3630	43	1
chr4	3673	3632	41	1
chr4	3673	3642	31	1
chr4	3673	3643	30	1
chr4	3673	3644	29	1
chr4	3673	3645	28	1
chr4	3673	3651	22	1
chr4	3673	3666	7	1
chr4	3673	3670	3	1
chr4	3673	3671	2	1
chr4	3674	3625	49	1
chr4	3674	3626	48	1
chr4	3674	3627	47	1
chr4	3674	3628	46	1
chr4	3674	3629	45	1
chr4	3674	3630	44	1
chr4	3674	3631	43	1
chr4	3674	3632	42	1
chr4	3674	3642	32	1
chr4	3674	3643	31	1
chr4	3674	3644	30	1
chr4	3674	3645	29	1
chr4	3674	3651	23	1
chr4	3674	3654	20	1
chr4	3674	3659	15	1
chr4	3675	3625	50	1
chr4	3675	3626	49	1
chr4	3675	3627	48	1
chr4	3675	3628	47	1
chr4	3675	3629	46	1
chr4	3675	3630	45	1
chr4	3675	3632	43	1
chr4	3675	3642	33	1
chr4	3675	3643	32	1
chr4	3675	3644	31	1
chr4	3675	3645	30	1
chr4	3675	3651	24	1
chr4	3675	3654	21	1
chr4	3679	3625	54	1
chr4	3679	3626	53	1
chr4	3679	3627	52	1
chr4	3679	3628	51	1
chr4	3679	3629	50	1
chr4	3679	3630	49	1
chr4	3679	3631	48	1
chr4	3679	3632	47	1
chr4	3679	3642	37	1
chr4	3679	3643	36	1
chr4	3679	3644	35	1
chr4	3679	3645	34	1
chr4	3679	3651	28	1
chr4	3679	3654	25	1
chr4	3679	3659	20	1
chr4	3679	3666	13	1
chr4	3680	3625	55	1
chr4	3680	3626	54	1
chr4	3680	3627	53	1
chr4	3680	3628	52	1
chr4	3680	3629	51	1
chr4	3680	3630	50	1
chr4	3680	3632	48	1
chr4	3680	3642	38	1
chr4	3680	3643	37	1
chr4	3680	3644	36	1
chr4	3680	3645	35	1
chr4	3680	3651	29	1
chr4	3680	3659	21	1
chr4	3680	3671	9	1
chr4	3746	3744	2	1
chr4	3751	3742	9	1
chr4	3832	3751	81	1
chr5	175	150	25	1
chr5	185	144	41	1
chr5	187	144	43	1
chr5	195	149	46	1
chr5	196	149	47	1
chr5	197	140	57	1
chr5	200	140	60	1
chr5	376	374	2	1
chr5	379	374	5	1
chr5	380	374	6	1
chr5	469	450	19	1
chr5	469	451	18	1
chr5	470	450	20	1
chr5	503	453	50	1
chr5	504	451	53	1
chr5	504	453	51	1
chr5	504	477	27	1
chr5	505	484	21	1
chr5	508	454	54	1
chr5	509	432	77	1
chr5	509	454	55	1
chr5	510	454	56	1
chr5	659	623	36	1
chr5	659	624	35	1
chr5	659	630	29	1
chr5	659	632	27	1
chr5	659	633	26	1
chr5	661	630	31	1
chr5	661	633	28	1
chr5	661	659	2	1
chr5	685	661	24	1
chr5	741	720	21	1
chr5	741	721	20	1
chr5	813	798	15	1
chr5	885	879	6	1
chr5	953	945	8	1
chr5	954	945	9	1
chr5	1088	1056	32	1
chr5	1092	1057	35	1
chr5	1094	1064	30	1
chr5	1095	1056	39	1
chr5	1095	1062	33	1
chr5	1095	1064	31	1
chr5	1095	1074	21	1
chr5	1097	1057	40	1
chr5	1411	1363	48	1
chr5	1426	1374	52	1
chr5	1426	1378	48	1
chr5	1437	1372	65	1
chr5	1444	1359	85	1
chr5	1445	1379	66	1
chr5	1804	1716	88	1
chr5	1804	1719	85	1
chr5	1811	1716	95	1
chr5	1885	1856	29	1
chr5	1891	1856	35	1
chr5	1904	1856	48	1
chr5	1912	1907	5	1
chr5	1914	1907	7	1
chr5	1921	1856	65	1
chr5	1921	1907	14	1
chr5	1925	1855	70	1
chr5	2226	2182	44	1
chr5	2227	2182	45	1
chr5	2501	2441	60	1
chr5	2501	2492	9	1
chr5	2700	2662	38	1
chr5	2815	2783	32	1
chr5	2851	2846	5	1
chr5	2854	2846	8	1
chr5	2855	2845	10	1
chr5	2855	2846	9	1
chr5	2855	2848	7	1
chr5	3014	3007	7	1
chr5	3131	3127	4	1
chr5	3223	3208	15	1
chr5	3363	3302	61	1
chr5	3490	3484	6	1
chr5	3551	3539	12	1
chr5	3555	3539	16	1
chr5	3562	3539	23	1
chr5	3563	3542	21	1
chr5	3565	3539	26	1
chr5	3565	3541	24	1
chr5	3567	3539	28	1
chr5	3569	3539	30	1
chr5	3569	3540	29	1
chr5	3571	3541	30	1
chr5	3591	3577	14	1
chr5	3660	3656	4	1
chr5	3661	3656	5	1
chr5	3663	3660	3	1
chr5	3665	3660	5	1
chr5	3674	3660	14	1
chr5	3674	3661	13	1
chr6	134	113	21	1
chr6	328	307	21	1
chr6	328	310	18	1
chr6	328	311	17	1
chr6	328	317	11	1
chr6	771	762	9	1
chr6	777	760	17	1
chr6	847	800	47	1
chr6	945	939	6	1
chr6	947	938	9	1
chr6	947	943	4	1
chr6	949	928	21	1
chr6	950	933	17	1
chr6	951	928	23	1
chr6	1037	1028	9	1
chr6	1038	1028	10	1
chr6	1262	1235	27	1
chr6	1293	1279	14	1
chr6	1302	1284	18	1
chr6	1302	1288	14	1
chr6	1820	1815	5	1
chr6	1820	1816	4	1
chr6	1954	1947	7	1
chr6	2416	2381	35	1
chr6	2576	2541	35	1
chr6	2824	2817	7	1
chr6	2888	2875	13	1
chr6	2941	2917	24	1
chr6	2941	2919	22	1
chr6	2941	2920	21	1
chr6	2941	2928	13	1
chr6	3017	3013	4	1
chr6	3160	3131	29	1
chr6	3160	3140	20	1
chr6	3160	3141	19	1
chr6	3185	3174	11	1
chr6	3230	3220	10	1
chr6	3271	3251	20	1
chr6	3442	3435	7	1
chr7	172	160	12	1
chr7	240	183	57	1
chr7	240	184	56	1
chr7	240	187	53	1
chr7	241	183	58	1
chr7	241	185	56	1
chr7	242	183	59	1
chr7	242	184	58	1
chr7	242	185	57	1
chr7	242	186	56	1
chr7	242	187	55	1
chr7	243	182	61	1
chr7	243	183	60	1
chr7	243	184	59	1
chr7	243	185	58	1
chr7	243	186	57	1
chr7	243	187	56	1
chr7	244	167	77	1
chr7	244	170	74	1
chr7	244	172	72	1
chr7	244	177	67	1
chr7	244	180	64	1
chr7	244	182	62	1
chr7	244	183	61	1
chr7	244	184	60	1
chr7	244	185	59	1
chr7	244	186	58	1
chr7	244	187	57	1
chr7	245	167	78	1
chr7	245	180	65	1
chr7	245	182	63	1
chr7	245	183	62	1
chr7	245	184	61	1
chr7	245	185	60	1
chr7	245	187	58	1
chr7	264	182	82	1
chr7	264	183	81	1
chr7	264	184	80	1
chr7	264	185	79	1
chr7	264	186	78	1
chr7	264	187	77	1
chr7	265	166	99	1
chr7	265	167	98	1
chr7	265	169	96	1
chr7	265	170	95	1
chr7	265	171	94	1
chr7	265	172	93	1
chr7	265	173	92	1
chr7	265	179	86	1
chr7	265	180	85	1
chr7	265	182	83	1
chr7	265	183	82	1
chr7	265	184	81	1
chr7	265	185	80	1
chr7	265	186	79	1
chr7	265	187	78	1
chr7	265	243	22	1
chr7	265	244	21	1
chr7	266	167	99	1
chr7	266	168	98	1
chr7	266	169	97	1
chr7	266	170	96	1
chr7	266	171	95	1
chr7	266	172	94	1
chr7	266	180	86	1
chr7	266	182	84	1
chr7	266	183	83	1
chr7	266	184	82	1
chr7	266	185	81	1
chr7	266	186	80	1
chr7	266	187	79	1
chr7	266	243	23	1
chr7	266	244	22	1
chr7	267	183	84	1
chr7	267	184	83	1
chr7	267	185	82	1
chr7	267	186	81	1
chr7	267	187	80	1
chr7	268	179	89	1
chr7	268	183	85	1
chr7	268	184	84	1
chr7	268	185	83	1
chr7	268	186	82	1
chr7	269	183	86	1
chr7	269	184	85	1
chr7	270	183	87	1
chr7	271	183	88	1
chr7	271	187	84	1
chr7	272	183	89	1
chr7	272	187	85	1
chr7	273	183	90	1
chr7	273	186	87	1
chr7	273	187	86	1
chr7	274	183	91	1
chr7	274	187	87	1
chr7	275	183	92	1
chr7	276	183	93	1
chr7	276	185	91	1
chr7	276	187	89	1
chr7	278	183	95	1
chr7	278	184	94	1
chr7	278	187	91	1
chr7	279	183	96	1
chr7	281	183	98	1
chr7	281	187	94	1
chr7	283	184	99	1
chr7	327	308	19	1
chr7	370	342	28	1
chr7	370	349	21	1
chr7	371	343	28	1
chr7	371	349	22	1
chr7	372	354	18	1
chr7	372	355	17	1
chr7	374	342	32	1
chr7	374	349	25	1
chr7	376	343	33	1
chr7	409	343	66	1
chr7	411	381	30	1
chr7	412	336	76	1
chr7	412	339	73	1
chr7	412	342	70	1
chr7	412	343	69	1
chr7	412	347	65	1
chr7	413	337	76	1
chr7	413	343	70	1
chr7	413	347	66	1
chr7	413	348	65	1
chr7	413	349	64	1
chr7	470	444	26	1
chr7	471	444	27	1
chr7	478	444	34	1
chr7	483	444	39	1
chr7	483	457	26	1
chr7	488	439	49	1
chr7	488	444	44	1
chr7	489	439	50	1
chr7	489	444	45	1
chr7	581	580	1	1
chr7	603	511	92	1
chr7	603	513	90	1
chr7	603	514	89	1
chr7	603	516	87	1
chr7	604	506	98	1
chr7	604	509	95	1
chr7	604	510	94	1
chr7	604	511	93	1
chr7	604	512	92	1
chr7	604	513	91	1
chr7	604	514	90	1
chr7	604	515	89	1
chr7	604	516	88	1
chr7	605	510	95	1
chr7	605	513	92	1
chr7	605	514	91	1
chr7	605	515	90	1
chr7	605	516	89	1
chr7	606	513	93	1
chr7	606	515	91	1
chr7	606	516	90	1
chr7	607	508	99	1
chr7	607	509	98	1
chr7	607	510	97	1
chr7	607	511	96	1
chr7	607	512	95	1
chr7	607	513	94	1
chr7	607	514	93	1
chr7	607	515	92	1
chr7	607	516	91	1
chr7	608	515	93	1
chr7	608	516	92	1
chr7	609	510	99	1
chr7	609	514	95	1
chr7	609	516	93	1
chr7	611	513	98	1
chr7	611	515	96	1
chr7	614	515	99	1
chr7	614	516	98	1
chr7	615	516	99	1
chr7	618	605	13	1
chr7	645	641	4	1
chr7	853	808	45	1
chr7	853	809	44	1
chr7	855	806	49	1
chr7	855	807	48	1
chr7	855	808	47	1
chr7	856	803	53	1
chr7	856	808	48	1
chr7	858	806	52	1
chr7	859	799	60	1
chr7	859	800	59	1
chr7	859	801	58	1
chr7	859	805	54	1
chr7	859	806	53	1
chr7	859	807	52	1
chr7	859	808	51	1
chr7	859	811	48	1
chr7	860	800	60	1
chr7	860	801	59	1
chr7	860	803	57	1
chr7	860	805	55	1
chr7	860	806	54	1
chr7	860	807	53	1
chr7	860	808	52	1
chr7	860	809	51	1
chr7	860	811	49	1
chr7	863	799	64	1
chr7	863	800	63	1
chr7	863	808	55	1
chr7	864	806	58	1
chr7	864	807	57	1
chr7	864	808	56	1
chr7	865	805	60	1
chr7	865	806	59	1
chr7	865	808	57	1
chr7	868	799	69	1
chr7	869	806	63	1
chr7	870	799	71	1
chr7	870	800	70	1
chr7	870	806	64	1
chr7	870	808	62	1
chr7	871	800	71	1
chr7	871	805	66	1
chr7	871	808	63	1
chr7	871	810	61	1
chr7	871	811	60	1
chr7	873	795	78	1
chr7	874	796	78	1
chr7	874	798	76	1
chr7	874	799	75	1
chr7	875	796	79	1
chr7	875	799	76	1
chr7	876	795	81	1
chr7	901	891	10	1
chr7	950	934	16	1
chr7	1230	1214	16	1
chr7	1231	1214	17	1
chr7	1245	1224	21	1
chr7	1248	1169	79	1
chr7	1254	1169	85	1
chr7	1260	1163	97	1
chr7	1260	1164	96	1
chr7	1260	1165	95	1
chr7	1261	1163	98	1
chr7	1261	1164	97	1
chr7	1262	1164	98	1
chr7	1267	1169	98	1
chr7	1332	1330	2	1
chr7	1738	1673	65	1
chr7	1738	1691	47	1
chr7	1740	1691	49	1
chr7	2130	2088	42	1
chr7	2149	2085	64	1
chr7	2581	2502	79	1
chr7	2602	2516	86	1
chr7	2784	2742	42	1
chr7	2945	2939	6	1
chr7	3002	2989	13	1
chr7	3006	2989	17	1
chr7	3164	3154	10	1
chr7	3214	3210	4	1
chr7	3214	3211	3	1
chr7	3220	3212	8	1
chr7	3220	3214	6	1
chr7	3253	3232	21	1
chr7	3253	3235	18	1
chr7	3307	3273	34	1
chr7	3311	3283	28	1
chr7	3313	3279	34	1
chr7	3315	3241	74	1
chr7	3315	3246	69	1
chr7	3316	3235	81	1
chr7	3316	3253	63	1
chr7	3323	3235	88	1
chr7	3331	3322	9	1
chr7	3439	3403	36	1
chr7	3536	3527	9	1
chr7	3599	3550	49	1
chr7	3599	3578	21	1
chr7	3599	3581	18	1
chr7	3609	3595	14	1
chr7	3610	3576	34	1
chr7	3610	3595	15	1
chr7	3612	3582	30	1
chr7	3612	3588	24	1
chr7	3612	3589	23	1
chr7	3612	3595	17	1
chr7	3612	3597	15	1
chr7	3614	3522	92	1
chr7	3614	3595	19	1
chr7	3642	3576	66	1
chr7	3642	3600	42	1
chr7	3643	3631	12	1
chr7	3644	3576	68	1
chr7	3644	3582	62	1
chr7	3694	3690	4	1
chr7	3695	3686	9	1
chr7	3700	3685	15	1
chr7	3700	3686	14	1
chr7	3700	3687	13	1
chr7	3700	3694	6	1
chr7	3701	3685	16	1
chr7	3701	3687	14	1
chr7	3767	3758	9	1
chr7	3767	3759	8	1
chr7	3768	3759	9	1
chr7	3809	3804	5	1
chr8	277	265	12	1
chr8	278	265	13	1
chr8	280	265	15	1
chr8	315	299	16	1
chr8	372	338	34	1
chr8	373	348	25	1
chr8	375	302	73	1
chr8	377	360	17	1
chr8	495	493	2	1
chr8	498	493	5	1
chr8	498	494	4	1
chr8	498	495	3	1
chr8	500	493	7	1
chr8	500	494	6	1
chr8	500	495	5	1
chr8	500	498	2	1
chr8	501	493	8	1
chr8	501	494	7	1
chr8	501	495	6	1
chr8	501	498	3	1
chr8	593	497	96	1
chr8	630	619	11	1
chr8	635	619	16	1
chr8	638	615	23	1
chr8	639	619	20	1
chr8	703	686	17	1
chr8	766	720	46	1
chr8	802	720	82	1
chr8	802	721	81	1
chr8	804	715	89	1
chr8	805	709	96	1
chr8	805	710	95	1
chr8	810	715	95	1
chr8	849	830	19	1
chr8	849	835	14	1
chr8	849	836	13	1
chr8	940	920	20	1
chr8	940	923	17	1
chr8	1152	1107	45	1
chr8	1262	1249	13	1
chr8	1454	1391	63	1
chr8	1457	1403	54	1
chr8	1464	1395	69	1
chr8	1475	1395	80	1
chr8	1507	1502	5	1
chr8	1724	1691	33	1
chr8	1859	1843	16	1
chr8	1860	1842	18	1
chr8	2132	2097	35	1
chr8	2227	2206	21	1
chr8	2228	2206	22	1
chr8	2304	2287	17	1
chr8	2308	2286	22	1
chr8	2308	2287	21	1
chr8	2309	2287	22	1
chr8	2309	2290	19	1
chr8	2376	2347	29	1
chr8	2376	2356	20	1
chr8	2399	2392	7	1
chr8	2415	2347	68	1
chr8	2415	2348	67	1
chr8	2415	2351	64	1
chr8	2782	2758	24	1
chr8	2782	2760	22	1
chr8	2789	2756	33	1
chr8	2789	2759	30	1
chr8	2789	2761	28	1
chr8	2789	2776	13	1
chr8	2789	2777	12	1
chr8	2791	2758	33	1
chr8	2794	2776	18	1
chr8	2906	2869	37	1
chr8	2950	2877	73	1
chr8	2964	2941	23	1
chr8	2966	2889	77	1
chr8	2966	2890	76	1
chr8	2972	2941	31	1
chr8	2975	2915	60	1
chr8	2975	2930	45	1
chr8	2975	2933	42	1
chr8	2975	2937	38	1
chr8	2975	2941	34	1
chr8	2988	2939	49	1
chr8	2988	2940	48	1
chr8	3000	2994	6	1
chr8	3007	2940	67	1
chr8	3036	3018	18	1
chr8	3040	3016	24	1
chr8	3040	3017	23	1
chr8	3040	3018	22	1
chr8	3041	3015	26	1
chr8	3041	3016	25	1
chr8	3044	3016	28	1
chr8	3045	3016	29	1
chr8	3046	3016	30	1
chr8	3048	3016	32	1
chr8	3209	3196	13	1
chr8	3210	3196	14	1
chr8	3210	3203	7	1
chr8	3271	3255	16	1
chr8	3271	3258	13	1
chr8	3271	3259	12	1
chr8	3272	3243	29	1
chr8	3272	3249	23	1
chr8	3272	3250	22	1
chr8	3273	3240	33	1
chr8	3273	3242	31	1
chr8	3273	3243	30	1
chr8	3273	3244	29	1
chr8	3273	3246	27	1
chr8	3273	3247	26	1
chr8	3273	3249	24	1
chr8	3273	3250	23	1
chr8	3273	3253	20	1
chr8	3273	3254	19	1
chr8	3273	3255	18	1
chr8	3273	3256	17	1
chr8	3273	3258	15	1
chr8	3273	3259	14	1
chr8	3274	3246	28	1
chr8	3275	3244	31	1
chr8	3275	3263	12	1
chr8	3275	3266	9	1
chr8	3276	3244	32	1
chr8	3276	3254	22	1
chr8	3276	3258	18	1
chr8	3293	3258	35	1
chr9	130	89	41	1
chr9	142	89	53	1
chr9	160	113	47	1
chr9	160	114	46	1
chr9	160	131	29	1
chr9	160	134	26	1
chr9	205	138	67	1
chr9	300	210	90	1
chr9	303	236	67	1
chr9	690	681	9	1
chr9	769	757	12	1
chr9	769	758	11	1
chr9	769	760	9	1
chr9	1191	1168	23	1
chr9	1194	1168	26	1
chr9	1194	1174	20	1
chr9	1208	1168	40	1
chr9	1218	1212	6	1
chr9	1254	1236	18	1
chr9	1321	1299	22	1
chr9	1536	1523	13	1
chr9	1537	1523	14	1
chr9	1539	1522	17	1
chr9	1539	1523	16	1
chr9	1539	1526	13	1
chr9	1540	1520	20	1
chr9	1540	1523	17	1
chr9	1540	1525	15	1
chr9	1541	1523	18	1
chr9	1543	1521	22	1
chr9	1543	1526	17	1
chr9	1544	1499	45	1
chr9	1544	1520	24	1
chr9	1544	1521	23	1
chr9	1544	1522	22	1
chr9	1544	1523	21	1
chr9	1615	1605	10	1
chr9	1947	1942	5	1
chr9	1990	1966	24	1
chr9	1991	1962	29	1
chr9	2507	2492	15	1
chr9	2508	2492	16	1
chr9	2555	2531	24	1
chr9	2863	2774	89	1
